# callgrind format
version: 1
creator: callgrind-3.25.0
pid: 66402
cmd:  ./sample3
part: 1


desc: I1 cache: 
desc: D1 cache: 
desc: LL cache: 

desc: Timerange: Basic block 0 - 51791
desc: Trigger: Program termination

positions: line
events: Ir
summary: 198936


ob=(5) /home/newton/Documents/programming/c-programming/kahoot/sample3
fl=(161) ???
fn=(534) __gmon_start__
0 10
cob=(3) ???
cfi=(153) ???
cfn=(536) 0x00000000040010b0
calls=1 0 
0 10427
0 3
cfn=(582) atexit
calls=1 0 
0 82

fn=(606) main
0 4
cob=(2) /usr/lib/x86_64-linux-gnu/libc.so.6
cfi=(183) ./gmon/../sysdeps/x86_64/_mcount.S
cfn=(608) mcount
calls=1 26 
0 31
0 3
cob=(3)
cfi=(153)
cfn=(612) 0x0000000004001090
calls=1 0 
0 2120
0 2
cfn=(654) leak_memory
calls=1 0 
0 257
0 3

fn=(718) 0x00000000000011d0
0 9
cob=(3)
cfi=(153)
cfn=(724) 0x0000000004001080
calls=1 0 
0 80
0 1
cfn=(734) 0x0000000000001160
calls=1 0 
0 5
0 3

fn=(582)
0 4
cob=(3)
cfi=(153)
cfn=(584) 0x00000000040010d0
calls=1 0 
0 78

fn=(734)
0 5

fn=(588) 0x0000000000001210
0 12

fn=(654)
0 5
cob=(2)
cfi=(183)
cfn=(608)
calls=1 26 
0 51
0 2
cob=(3)
cfi=(153)
cfn=(656) 0x00000000040010c0
calls=1 0 
0 192
0 7

fn=(522) (below main)
0 12
cob=(2)
cfi=(162) ./csu/../csu/libc-start.c
cfn=(524) __libc_start_main@@GLIBC_2.34
calls=1 242 
0 18870

ob=(4) /snap/valgrind/171/usr/libexec/valgrind/vgpreload_core-amd64-linux.so
fl=(156) ???
fn=(754) 0x0000000000001060
0 5

fn=(744) 0x00000000000010d0
0 9
cob=(3)
cfi=(153)
cfn=(750) 0x0000000004842030
calls=1 0 
0 80
0 1
cfn=(754)
calls=1 0 
0 5
0 3

fn=(504) 0x0000000000001110
0 12

ob=(1) /usr/lib/x86_64-linux-gnu/ld-linux-x86-64.so.2
fl=(41) ./string/../sysdeps/x86_64/multiarch/../multiarch/strchr-sse2.S
fn=(118) index
32 17
+1 17
+1 17
+1 17
+1 17
+1 17
+1 17
+1 17
+1 17
+1 17
+1 17
+1 17
+1 17
+1 17
+1 17
+1 17
+1 17
+1 17
+1 12
+4 12
+1 12
+1 12
+1 12
+2 12
+4 5
+1 5
+1 5
+1 5
+1 5
+1 5
+1 5
+1 5
+1 5
+1 5
+1 5
+1 5
+1 5
+1 5
+1 5
+1 5
+1 5
+1 5
+1 5
+1 5
+1 5
+1 5
+1 5
+1 7
+5 1
+1 1
+3 1
+1 1
+1 1
+1 1
+1 1
+1 1
+1 1
+1 1
+1 1
+1 1
+1 1
+1 1
+1 1
+1 1
+1 1
+1 1
+1 1
+1 1
+2 1
+1 1
+2 1
+1 1
+1 1
+1 1
+1 1
+1 1
+1 1
+1 1
+2 1
+1 1
+1 1
+1 1
+1 1
+1 1
+1 1
+1 1
+1 1
+1 1
+3 1
+4 1
+1 1
+1 1
+1 1
+2 1
-9 4
+4 4
+1 4
+1 4
+1 4
+2 4

fl=(65) ./io/../sysdeps/unix/sysv/linux/stat64.c
fn=(210) stat
28 18
+1 36
cfi=(66) ./io/../sysdeps/unix/sysv/linux/fstatat64.c
cfn=(212) fstatat
calls=9 146 
* 84

fl=(141) ./elf/./elf/dl-find_object.c
fn=(446) _dlfo_process_initial
474 2
+3 2
-3 6
+1 2
+3 4
+26 14
+1 6
+1 8
-1 16
+3 28
+3 24
-7 10
+27 2
-2 2
+2 6
-18 18
+3 6
-1 6
cfi=(142) ./elf/./dl-find_object.h
cfn=(444) _dl_find_object_from_map
calls=3 95 
* 189
+2 12

fn=(448) _dlfo_sort_mappings
536 1
+1 2
+3 4
+4 1
+1 1
-1 1
+1 2
-1 1
+1 1
-1 1
+1 6
+1 15
+3 2
-1 2
-3 9
+8 6
+1 4
-1 2
-13 4
+14 6
+1 4
-15 4
+17 1

fn=(442) _dl_find_object_init
561 2
+3 1
-3 3
+5 2
+13 1
cfn=(446)
calls=1 474 
* 81
+1 1
-1 1
+1 1
fi=(28) ./elf/../include/rtld-malloc.h
56 1
cfi=(27) ./elf/./elf/dl-minimal-malloc.c
cfn=(78) __minimal_malloc
calls=1 -20 
* 30
fe=(141)
580 1
fi=(28)
56 1
fe=(141)
582 2
+3 2
+5 1
+1 1
cfn=(446)
calls=1 474 
* 282
+3 3
+10 4
-37 2
cfi=(142)
cfn=(444)
calls=1 95 
* 68
* 1
+29 2
cfn=(448)
calls=1 -60 
* 80
+3 6
+2 1

fl=(46) ./elf/../elf/dl-tls.c
fn=(250) _dl_determine_tlsoffset
216 9
+6 4
+3 2
+36 3
+2 1
-2 1
-2 1
-40 1
-1 1
-1 1
+46 2
+23 3
+3 1
-3 5
+2 2
+6 1
-33 2
+20 1
-20 5
+2 2
+3 1
-1 1
+5 2
-5 1
+1 1
-1 1
+3 2
+2 3
+32 2
-1 1
+53 1
-52 5
+2 2
+51 8

fn=(146) _dl_count_modids
192 1
+2 2
+1 1
+15 2

fn=(252) _dl_allocate_tls_storage
417 7
+2 1
+11 1
+1 1
fi=(28)
56 1
cfi=(27)
cfn=(78)
calls=1 -20 
* 85
fe=(46)
432 2
+8 3
fi=(28)
44 1
fe=(46)
440 2
+5 1
-5 1
+1 1
+4 304
+19 1
-99 1
+4 1
+1 1
fi=(28)
44 1
cfi=(27)
cfn=(74) __minimal_calloc
calls=1 +36 
* 41
fe=(46)
371 2
+3 1
+6 2
+90 7

fn=(440) _dl_allocate_tls_init
523 11
+1 2
+4 1
+6 1
-6 1
+6 1
cfi=(24) ./elf/../sysdeps/nptl/dl-tls_init_tp.c
cfn=(86) rtld_mutex_dummy
calls=1 42 
* 3
+3 3
+12 1
-18 1
+42 3
-19 12
+9 3
+1 2
+6 3
+3 1
-2 1
+2 1
-2 1
+2 4
+4 1
-4 1
+4 1
-1 2
+4 2
+1 4
+2 2
+1 2
+17 1
-8 1
+8 1
+2 4
cfi=(29) ./string/../sysdeps/x86_64/multiarch/memmove-vec-unaligned-erms.S
cfn=(126) mempcpy
calls=1 197 
* 13
* 6
cfi=(43) ./string/../sysdeps/x86_64/multiarch/../multiarch/memset-vec-unaligned-erms.S
cfn=(130) memset
calls=1 132 
* 25
-49 1
+55 1
-55 4
+6 5
+55 2
cfi=(24)
cfn=(86)
calls=1 42 
* 3
+3 2
+3 9

fn=(438) _dl_add_to_slotinfo
1017 8
+9 1
-9 1
+6 1
+4 1
+4 3
+34 2
+3 2
+1 3
+3 6

fn=(226) _dl_assign_tls_modid
125 1
+16 1
-13 1
-3 3
+3 1
+55 1
-2 1
+5 1
+1 2

fn=(248) _dl_tls_static_surplus_init
97 2
+3 1
-3 3
+3 1
-3 1
+3 1
-3 1
+3 1
-3 1
+3 1
cfi=(11) ./elf/./elf/dl-tunables.c
cfn=(28) __tunable_get_val
calls=1 387 
* 23
* 1
+1 4
cfi=(11)
cfn=(28)
calls=1 387 
* 23
+1 1
+2 1
-3 1
+1 2
+2 3
+3 1
+2 1
-26 3
+28 3
+1 6

fl=(15) ./elf/../sysdeps/x86/dl-get-cpu-features.c
fn=(34) _dl_x86_init_cpu_features
37 1
+2 3
+2 1
cfi=(16) ./elf/../sysdeps/x86/cpu-features.c
cfn=(36) init_cpu_features.constprop.0
calls=1 682 
* 7344

fn=(462) __x86_cpu_features
71 1
-32 3
+32 2

fl=(48) ./elf/./elf/dl-audit.c
fn=(482) _dl_audit_activity_nsid
41 3
+4 12
+1 3
+1 15

fn=(152) _dl_audit_activity_map
29 2
+2 1
-2 5
+1 1
+1 2
+6 6

fn=(742) _dl_audit_objclose
97 4
+1 16

fn=(198) _dl_audit_objopen
77 2
+1 8

fn=(596) _dl_audit_preinit
118 1
+1 4

fl=(57) ./misc/../sysdeps/unix/sysv/linux/mmap64.c
fn=(182) mmap
47 12
+3 24
-3 72
+6 24
+5 72
+2 48
-7 29

fl=(2) ./elf/./elf/rtld.c
fn=(154) handle_preload_list
869 11
+5 1
-5 2
+5 2
-4 3
+7 3
cfi=(49) ./string/../string/strcspn.c
cfn=(156) strcspn
calls=1 32 
* 310
* 1
+1 3
+9 1
183 1
889 2
183 2
891 2
-80 1
+5 1
-6 1
-4 1
+10 2
-6 1
+4 1
+2 2
-5 1
+1 1
+4 1
cfi=(50) ./elf/./elf/dl-catch.c
cfn=(158) _dl_catch_error
calls=1 254 
* 2898
+1 3
+8 3
+67 1
-18 2
+21 9
-15 4
cfi=(29)
cfn=(82) memcpy
calls=1 210 
* 27
+1 2

fn=(2) _dl_start
517 16
85 1
547 4
85 1
543 1
fi=(6) ./elf/../sysdeps/x86_64/dl-machine.h
55 1
fe=(2)
+30 1
546 1
85 1
fi=(3) ./elf/./get-dynamic-info.h
-40 1
fe=(2)
546 1
fi=(3)
45 2
+23 18
-23 72
+4 36
+3 5
-1 10
+3 20
+1 16
+1 5
fi=(4) ./elf/../sysdeps/generic/ldsodefs.h
+23 1
fi=(3)
+31 1
-38 3
+12 4
+1 3
+1 4
+1 4
+1 5
+1 3
+1 4
+1 4
+12 7
+7 2
-51 4
+64 3
+6 3
+1 3
+3 2
+1 3
+5 5
+3 5
fe=(2)
563 154
fi=(4)
79 1
fe=(2)
563 1
fi=(4)
79 2
fe=(2)
563 27
fi=(6)
287 3
fi=(5) ./elf/./elf/do-rel.h
49 1
fe=(2)
563 1
fi=(5)
50 1
-1 2
+4 1
-3 1
+3 4
+3 2
-7 1
fe=(2)
563 1
fi=(5)
50 1
-1 2
+4 1
-3 1
+3 4
+3 2
+7 3
+2 3
-2 6
fi=(6)
278 3
fi=(5)
64 6
fi=(6)
278 6
+9 24
+3 6
+1 6
+26 8
+6 2
fi=(5)
61 13
fe=(2)
563 6
fi=(5)
51 1
fi=(4)
+28 2
fi=(3)
-17 4
+2 4
fe=(2)
565 1
+13 1
cfi=(7) ./elf/./elf/dl-minimal.c
cfn=(12) __rtld_malloc_init_stubs
calls=1 42 
* 10
458 2
85 1
476 2
85 3
476 1
cfi=(8) ./elf/./elf/dl-setup_hash.c
cfn=(14) _dl_setup_hash
calls=1 25 
* 27
+2 1
+16 2
-17 1
+11 1
-10 1
+16 1
cfi=(9) ./elf/../sysdeps/unix/sysv/linux/dl-sysdep.c
cfn=(16) _dl_sysdep_start
calls=1 102 
* 178961
* 1
+2 2
+89 9
fi=(3)
103 3
fe=(2)

fn=(164) map_doit
641 2
+2 1
-2 4
+2 1
+1 2
-1 2
+1 3
cfi=(30) ./elf/./elf/dl-load.c
cfn=(166) _dl_map_object
calls=1 1967 
* 2787
* 1
+2 3

fn=(66) dl_main
1346 2
197 1
1346 11
199 1
302 1
+1 1
197 1
+99 3
1357 1
cfi=(24)
cfn=(68) __tls_pre_init_tp
calls=1 53 
* 17
2749 1
2538 1
2749 2
2598 1
+2 2
+15 1
-13 2
cfi=(25) ./elf/./elf/dl-environ.c
cfn=(70) _dl_next_ld_env_entry
calls=1 28 
* 187
* 4
cfi=(25)
cfn=(70)
calls=2 28 
* 443
* 9
+4 6
-2 2
+2 6
+1 2
-1 6
+1 17
-1 89
+9 12
2727 3
1373 1
+1 2
-1 2
+1 2
2687 3
-47 2
+10 2
1637 9
cfi=(26) ./elf/./elf/dl-object.c
cfn=(72) _dl_new_object
calls=1 59 
* 210
* 1
+2 2
+1 3
+6 1
-5 2
+1 3
+4 1
cfi=(26)
cfn=(84) _dl_add_to_namespace_list
calls=1 31 
* 42
+1 2
1116 1
-1 1
1351 1
1143 1
-21 2
+21 2
-19 1
+1 1
-3 1
+21 2
+57 1
-82 1
+25 1
-3 1
+4 1
+19 1
+37 4
-56 102
+56 4
-1 4
+1 8
-1 4
+2 8
+1 1
+2 12
+1 14
+4 8
+1 8
+1 4
+4 12
-72 27
1253 2
+1 22
+6 4
cfi=(30)
cfn=(88) _dl_process_pt_gnu_property
calls=1 868 
* 90
-7 26
+1 13
+6 13
-6 26
fi=(31) ./elf/../sysdeps/x86/dl-prop.h
235 4
+1 2
-87 4
fe=(2)
1148 1
-5 1
+5 2
-5 2
+30 1
-9 2
+2 1
-3 1
+10 2
+18 2
-38 2
-10 1
+10 1
+1 9
-11 2
+1 14
1247 1
1143 1
1247 2
1143 3
1266 4
+3 3
+2 3
1672 3
+2 2
-1 1
+1 1
+1 3
-2 2
cfi=(32) ./string/../sysdeps/x86_64/multiarch/../multiarch/strcmp-sse2.S
cfn=(94) strcmp
calls=1 98 
* 25
* 2
+7 1
+3 1
-5 1
+3 1
+2 1
+1 2
+4 2
+2 2
fi=(3)
39 4
+4 1
+2 1
+9 1
+1 1
-10 2
+23 26
-23 104
+4 52
+3 6
-1 12
+3 24
+1 20
fe=(2)
1243 1
1143 1
1243 1
1143 2
fi=(3)
72 4
+43 2
+7 3
+1 4
+6 3
+18 4
+5 2
+2 2
+2 2
+2 2
+1 2
+3 4
+2 3
+1 2
+9 2
+6 2
+1 3
+3 3
fe=(2)
1698 4
+7 2
cfi=(8)
cfn=(14)
calls=1 25 
* 27
+3 2
fi=(33) ./elf/./setup-vdso.h
24 2
fi=(36) ./elf/./dl-main.h
+85 2
fi=(35) ./elf/../sysdeps/unix/sysv/linux/dl-vdso-setup.h
-64 1
fi=(36)
+64 3
cfi=(30)
cfn=(106) _dl_init_paths
calls=1 706 
* 4561
fe=(2)
1733 3
cfi=(45) ./elf/./elf/dl-debug.c
cfn=(144) _dl_debug_initialize
calls=1 56 
* 34
+7 1
-5 1
-2 1
+7 1
+4 1
+1 1
+2 1
-3 3
+1 2
+3 1
+11 1
-13 1
+13 1
+1 2
+5 1
-3 2
+2 1
+1 2
+5 3
+1 5
-1 2
224 1
+1 1
-1 1
+1 3
+1 2
1788 2
+5 1
-1 1
1352 1
1793 1
+24 1
cfi=(46)
cfn=(146)
calls=1 192 
* 6
* 1
fi=(47) ./elf/../sysdeps/generic/dl-debug.h
29 4
+1 1
fe=(2)
1823 1
+1 1
cfi=(45)
cfn=(150) _dl_debug_state
calls=1 116 
* 2
+1 1
+4 3
cfi=(48)
cfn=(152)
calls=1 29 
* 17
+5 3
+2 1
+2 2
+9 2
+16 4
cfi=(63) ./io/../sysdeps/unix/sysv/linux/access.c
cfn=(200) access
calls=1 25 
* 9
* 2
+76 4
+16 3
85 1
1965 1
85 2
1965 1
85 1
1965 5
85 1
1965 2
cfi=(64) ./elf/./elf/dl-deps.c
cfn=(202) _dl_map_object_deps
calls=1 143 
* 8753
92 1
+9 1
1971 1
92 2
+9 2
1971 2
+1 6
-1 4
+1 6
-1 12
+4 3
+1 2
+1 1
+2 14
+1 6
+46 1
-42 2
+8 3
+1 2
+2 1
+2 3
+2 1
-4 1
+5 1
-1 2
+14 2
+1 2
+1 3
-25 1
+36 2
+2 1
-2 1
+2 2
-2 1
+1 2
+1 1
-1 2
+1 1
cfi=(50)
cfn=(236) _dl_receive_error
calls=1 186 
* 3839
+10 1
+1 1
-1 1
+1 1
+3 2
837 1
fi=(213) ./elf/../sysdeps/unix/sysv/linux/dl-osinfo.h
39 2
fe=(2)
839 1
fi=(213)
52 1
fe=(2)
848 1
+7 1
-5 1
2047 3
2246 2
+4 1
-4 1
+10 1
-6 1
+6 1
-6 1
+9 2
+8 2
fi=(31)
36 2
+1 3
+3 3
+13 6
-13 3
+9 6
-9 1
+9 16
+4 12
-16 12
+34 1
fe=(2)
2279 1
fi=(31)
71 1
cfi=(76) ./elf/../sysdeps/x86_64/dl-cet.c
cfn=(260) _dl_cet_check
calls=1 361 
* 55
fe=(2)
2282 1
-3 2
+5 1
-2 2
+2 2
+1 6
cfi=(77) ./elf/./elf/dl-reloc.c
cfn=(262) _dl_relocate_object
calls=1 207 
* 67964
85 2
2292 1
85 2
2292 1
+1 17
+2 8
+5 8
+2 8
+6 4
+2 8
+1 24
cfi=(77)
cfn=(262)
calls=3 207 
* 11784
+4 10
+1 2
-23 1
+23 1
cfi=(46)
cfn=(438)
calls=1 1017 
* 28
-23 3
92 3
+1 1
2325 1
93 1
2325 1
+4 4
+2 1
+7 4
cfi=(46)
cfn=(440)
calls=1 523 
* 149
+3 2
+4 3
+2 2
+33 3
cfi=(147) ./elf/./elf/dl-call-libc-early-init.c
cfn=(464) _dl_call_libc_early_init
calls=1 27 
* 603
+7 1
cfi=(9)
cfn=(480) _dl_sysdep_start_cleanup
calls=1 147 
* 2
+3 3
cfi=(48)
cfn=(482)
calls=1 41 
* 11
+4 2
cfi=(45)
cfn=(196) _dl_debug_update
calls=1 38 
* 7
+1 1
-1 1
+2 1
cfi=(45)
cfn=(150)
calls=1 116 
* 2
+1 1
+4 1
cfi=(67) ./elf/./elf/dl-cache.c
cfn=(484) _dl_unload_cache
calls=1 525 
* 19
+5 8
2304 1
+1 1
-3 2
226 2
-2 1
+1 1
1773 1
+6 1
-6 2
+6 1
fi=(3)
56 5
+3 4
fi=(34) ./elf/../sysdeps/unix/sysv/linux/dl-vdso.h
-19 2
+1 5
fi=(35)
-11 1
+3 1
+3 1
+3 1
fi=(34)
+16 2
fi=(3)
+17 3
+12 3
+1 5
+1 5
+1 5
+1 4
+1 5
+1 5
+1 5
+12 2
+7 1
-7 7
+7 2
fe=(2)
1743 4
2357 1
cfi=(141)
cfn=(442)
calls=1 561 
* 581
+5 3
cfi=(7)
cfn=(450) __rtld_malloc_init_real
calls=1 76 
* 2479
+3 1
cfi=(145) ./elf/../sysdeps/nptl/dl-mutex.c
cfn=(458) __rtld_mutex_init
calls=1 30 
* 503
85 1
2371 1
+1 3
85 3
2372 2
cfi=(77)
cfn=(262)
calls=1 207 
* 1613
92 3
+9 3
2687 2
+2 1
+1 1
-1 1
+1 1
+1 1
2040 2
cfn=(246) init_tls
calls=1 734 
* 831
* 2
2650 2
+2 2
+1 1
fi=(3)
62 4
+2 4
fe=(2)
1943 10
85 1
1842 2
85 3
1842 2
cfn=(154)
calls=1 869 
* 3306
* 1
92 3
+9 3
1943 6
+1 1
-1 1
+4 3
+1 1
+1 2
+1 2
-7 2

fn=(238) version_check_doit
674 2
+2 1
-2 4
+2 3
cfi=(73) ./elf/./elf/dl-version.c
cfn=(240) _dl_check_all_versions
calls=1 392 
* 3802
* 2
+4 3

fn=(246)
734 1
+6 1
-6 3
+2 2
+4 2
+11 1
fi=(28)
44 1
fe=(2)
746 1
+4 1
fi=(28)
44 1
cfi=(27)
cfn=(74)
calls=1 +36 
* 41
fe=(2)
761 1
-12 1
+6 1
-9 1
+11 1
+4 1
+2 3
-1 2
+3 8
+4 1
+2 1
-2 2
-5 1
-1 2
+10 3
+3 2
cfi=(46)
cfn=(248)
calls=1 97 
* 86
+3 1
cfi=(46)
cfn=(250)
calls=1 216 
* 79
+7 1
cfi=(46)
cfn=(252)
calls=1 417 
* 469
* 1
+1 2
+6 1
fi=(74) ./elf/../sysdeps/generic/dl-call_tls_init_tp.h
31 2
fe=(2)
793 1
fi=(74)
31 6
+2 1
cfi=(24)
cfn=(256) __tls_init_tp
calls=1 +35 
* 79
fe=(2)
800 1
-3 1
+3 4
-36 3
-1 7

fl=(52) ./elf/./elf/dl-misc.c
fn=(168) _dl_name_match_p
68 98
+1 28
cfi=(32)
cfn=(94)
calls=14 +29 
* 440
* 28
+3 14
+2 28
+6 15
-6 30
+1 54
cfi=(32)
cfn=(94)
calls=18 +23 
* 592
* 36
+8 3
-13 3
+13 20
-1 11
+1 33

fn=(216) _dl_sysdep_read_whole_file
36 2
+3 1
-3 7
+3 1
-3 2
+3 1
cfi=(53) ./io/../sysdeps/unix/sysv/linux/open64_nocancel.c
cfn=(172) __open_nocancel
calls=1 -11 
* 20
+1 2
+23 8
-21 4
cfi=(55) ./io/../sysdeps/unix/sysv/linux/fstat64.c
cfn=(178) fstat
calls=1 -12 
* 6
* 2
+2 2
+3 2
+13 2
cfi=(62) ./io/../sysdeps/unix/sysv/linux/close_nocancel.c
cfn=(194) __GI___close_nocancel
calls=1 -35 
* 6
* 1
-11 6
cfi=(57)
cfn=(182)
calls=1 -2 
* 26
* 2

fl=(53)
fn=(172)
28 30
+3 15
-3 30
+3 90
+8 105
+2 6
-2 36
+2 24

fl=(44) ./string/./string/strdup.c
fn=(142) strdup
40 30
+1 5
cfi=(22) ./string/../sysdeps/x86_64/multiarch/../multiarch/strlen-sse2.S
cfn=(62) strlen
calls=5 +16 
* 201
* 5
fi=(214) ./string/../include/rtld-malloc.h
+15 10
cfi=(27)
cfn=(78)
calls=5 -20 
* 150
fe=(44)
-12 10
+3 15
+1 15
-1 5
cfi=(29)
cfn=(82)
calls=5 210 
* 71

fl=(55)
fn=(178)
30 3
+9 12
+33 3

fl=(24)
fn=(68)
53 3
+3 8
+5 1
-5 1
+5 1
+1 1
-6 1
+8 1

fn=(86)
42 8
+2 16

fn=(256)
68 2
fi=(215) ./elf/../include/list.h
-24 1
fe=(24)
+24 3
fi=(215)
-25 1
fe=(24)
+26 1
+3 1
fi=(215)
-29 1
+1 1
+1 1
+2 1
fe=(24)
+28 4
+1 2
+1 1
+5 2
+5 1
+6 1
-3 1
+3 1
-6 3
+6 1
+12 4
cfi=(11)
cfn=(28)
calls=1 387 
* 24
fi=(75) ./elf/../sysdeps/unix/sysv/linux/rseq-internal.h
-73 3
+8 1
fe=(24)
+81 3
+7 2
+1 3
fi=(75)
-95 7
+3 2
fe=(24)

fl=(142)
fn=(444)
95 8
+1 8
+1 4
+6 20
+1 119
+1 82
+2 12
+5 4

fl=(207) ./elf/./elf/dl-call_fini.c
fn=(716) _dl_call_fini
24 32
+4 8
+6 4
-2 4
+3 8
+3 2
+1 2
-1 2
+1 4
+3 8
+1 2
cob=(4)
cfi=(156)
cfn=(744)
calls=1 -43 
* 98
cob=(5)
cfi=(161)
cfn=(718)
calls=1 -43 
* 98
-1 8
+5 4
+1 8
+1 4
+1 10
-1 2
cob=(3)
cfi=(153)
cfn=(760) 0x0000000004842298
calls=1 -49 
* 4
cob=(3)
cfi=(153)
cfn=(740) 0x00000000040012b0
calls=1 -49 
* 4
+1 12

fl=(146) ./elf/./elf/dl-lookup-direct.c
fn=(460) _dl_lookup_direct
74 30
+2 3
-2 6
+4 3
-4 3
+2 3
+2 9
+37 3
-37 9
+1 6
+2 12
+3 25
+2 6
-54 3
+54 3
-54 3
+54 3
-54 9
+1 9
+2 6
+1 6
+12 9
+3 3
+2 6
-2 3
+2 9
cfi=(32)
cfn=(94)
calls=3 +45 
* 209
* 6
+4 6
+1 3
-1 3
+1 18
+1 9
cfi=(32)
cfn=(94)
calls=3 +39 
* 198
* 6
+57 27
-23 6

fl=(71) ./malloc/./malloc/scratch_buffer_set_array_size.c
fn=(228) __libc_scratch_buffer_set_array_size
30 26
+4 2
+1 4
+10 4
+18 2
-17 2
+17 10

fl=(64)
fn=(206) openaux
61 12
+7 2
-4 6
+1 2
-1 14
cfi=(30)
cfn=(166)
calls=2 1967 
* 6964
* 2
+5 6

fn=(202)
143 4
+1 2
-1 1
+1 1
-1 2
+1 1
-1 1
+1 1
-1 4
+1 3
-1 1
+1 7
-8 1
+8 2
-8 1
-6 1
-2 1
+16 1
-8 1
-7 1
+1 1
+6 1
+24 4
-28 3
-2 1
+31 1
-33 2
+2 2
+30 2
-30 1
-1 4
+7 4
+24 3
+28 3
-6 1
+46 1
fi=(72) ./elf/../include/scratch_buffer.h
77 1
fe=(64)
+87 1
fi=(72)
-87 1
+1 1
fe=(64)
184 1
+44 4
-31 1
-4 1
+4 5
-4 3
+4 6
+11 12
-18 2
+18 4
417 8
+2 2
+3 2
-3 6
+3 2
-3 2
fi=(28)
56 2
cfi=(27)
cfn=(78)
calls=2 -20 
* 60
fe=(64)
423 6
fi=(28)
56 2
fe=(64)
423 2
+6 2
+1 10
cfi=(29)
cfn=(82)
calls=2 210 
* 22
+1 10
cfi=(29)
cfn=(82)
calls=2 210 
* 22
+3 2
+1 4
+4 12
188 6
442 9
-1 4
+1 8
183 6
+27 8
+7 2
+4 2
-6 2
+1 2
+1 2
+1 4
+3 6
-2 2
-29 10
+32 112
+6 8
cfi=(30)
cfn=(204) _dl_dst_count
calls=2 +10 
* 118
* 6
+4 4
-2 2
+2 4
cfi=(50)
cfn=(160) _dl_catch_exception
calls=2 -28 
* 7140
+1 4
+9 2
+2 4
+5 10
+6 2
+2 2
-8 4
+3 2
+1 2
+1 2
+1 2
+4 2
-3 2
+3 6
+4 6
+1 3
-43 230
+7 4
+38 162
fi=(72)
85 3
fe=(64)
448 5
+1 1
+3 4
+11 5
fi=(28)
56 1
cfi=(27)
cfn=(78)
calls=1 -20 
* 30
fe=(64)
465 3
fi=(28)
56 1
fe=(64)
465 1
+5 2
+1 1
-1 3
+4 3
-2 2
+13 3
+5 3
-16 9
+11 3
-7 3
+7 3
-2 6
-5 1
+7 1
-2 2
+2 1
-11 1
+11 1
+5 1
-16 3
+21 3
+37 2
+15 2
-14 2
+20 1
-1 4
+1 4
-1 5
cfi=(13) ./elf/./elf/dl-sort-maps.c
cfn=(232) _dl_sort_maps
calls=1 298 
* 277
+5 1
+2 1
+1 1
+1 2
-2 1
+2 1
+7 3
+3 2
+3 8
198 25
+3 2
fi=(72)
-70 8
cfi=(71)
cfn=(228)
calls=2 30 
* 50
fe=(64)
+70 6
+4 4
547 4
cfi=(29)
cfn=(82)
calls=1 210 
* 11
* 3
-53 2
144 2

fl=(50)
fn=(160)
204 18
58 3
204 6
+3 6
+22 3
-1 3
+1 3
58 6
235 9
cfi=(51) ./setjmp/../sysdeps/x86_64/setjmp.S
cfn=(162) __sigsetjmp
calls=3 31 
* 72
* 9
+2 9
cfi=(64)
cfn=(206)
calls=2 61 
* 7008
cfi=(2)
cfn=(164)
calls=1 641 
* 2806
69 3
+1 3
-1 3
+1 3
239 12
-25 3
+34 9
59 6
+11 9

fn=(236)
186 2
58 1
186 4
+2 1
-2 1
58 1
+1 1
+11 1
192 1
+2 1
cfi=(2)
cfn=(238)
calls=1 674 
* 3817
69 2
+1 1
198 1
-1 1
+1 3

fn=(158)
254 6
+2 1
-2 6
+2 1
cfn=(160)
calls=1 -52 
* 2872
+1 2
+1 1
+1 1
-1 1
+1 1
+2 6

fl=(54) ./io/../sysdeps/unix/sysv/linux/read_nocancel.c
fn=(174) __read_nocancel
25 2
+1 8
+1 2

fl=(70) ./io/../sysdeps/unix/sysv/linux/pread64_nocancel.c
fn=(224) __pread64_nocancel
25 4
+1 8
+1 2

fl=(27)
fn=(74)
80 8
+4 8
-4 32
+7 8
+1 24
fi=(28)
-32 8
cfi=(27)
cfn=(78)
calls=8 -20 
* 347
fe=(27)

fn=(138) __minimal_free
97 4
+2 16

fn=(78)
36 232
+1 87
+11 84
+3 28
-3 28
+3 56
-3 2
+3 1
-3 1
+3 110
+19 29
+1 29
+2 174
-17 8
+1 4
+2 2
+1 14
cfi=(57)
cfn=(182)
calls=2 -13 
* 52
* 2
+2 4
+2 8
cfi=(58) ./misc/../sysdeps/unix/sysv/linux/setvmaname.c
cfn=(184) __set_vma_name
calls=2 -31 
* 56
+1 6
+2 2
+4 2
-4 4
-24 1
-1 1
+1 1
+1 2
-2 2

fl=(58)
fn=(184)
33 2
+2 7
-2 4
+7 1
-7 2
+7 1
-7 2
+7 1
-7 1
+7 1
cfi=(11)
cfn=(28)
calls=1 387 
* 24
* 3
+7 1
+2 6

fl=(30)
fn=(166)
1967 36
+8 6
+1 12
+3 51
+5 49
+2 21
cfi=(52)
cfn=(168)
calls=7 68 
* 769
* 14
+4 12
+1 18
+4 2
-1 10
+1 2
+1 2
-1 2
+1 4
cfi=(32)
cfn=(94)
calls=2 98 
* 50
* 4
2270 29
2011 6
-1 4
+9 2
-50 2
+50 4
+17 4
-2 2
+2 2
cfi=(41)
cfn=(118)
calls=2 32 
* 48
* 4
2202 2
-1 3
cfn=(140) expand_dynamic_string_token
calls=1 385 
* 251
+6 1
-7 1
+1 1
+2 2
+4 7
cfn=(170) open_verify.constprop.0
calls=1 1572 
* 106
+3 2
-3 1
+3 1
+12 4
+45 1
+1 5
-1 1
+1 8
cfn=(176) _dl_map_object_from_fd
calls=1 944 
* 2008
-1 1
+1 5
-1 1
+1 8
cfn=(176)
calls=1 944 
* 2372
* 6
2040 2
cfi=(22)
cfn=(62)
calls=1 57 
* 17
* 2
+2 2
+7 4
+51 13
cfn=(208) open_path
calls=1 1812 
* 2037
+6 1
-6 1
+6 2
2222 4
+46 2
682 1
2107 1
682 2
2135 2
cfi=(67)
cfn=(214) _dl_load_cache_lookup
calls=1 403 
* 1487
* 1
+2 2
+4 2
+31 1
-23 2
+23 7
cfn=(170)
calls=1 1572 
* 137
+4 2
-4 1
+4 1
+1 1
+17 2
2074 5
682 1
2075 1
682 3
2099 2
+1 2
-47 1
+1 1
696 5
2058 3
682 1
2059 1
682 2
2073 5
+1 2
+41 1
+14 2
+2 3
-47 2

fn=(170)
1572 140
+32 14
-32 28
+32 28
+19 56
cfi=(53)
cfn=(172)
calls=14 28 
* 316
* 14
+2 28
+8 2
+1 4
+5 2
-5 2
+5 10
cfi=(54)
cfn=(174)
calls=2 25 
* 12
+2 4
+2 4
+2 4
+6 4
+17 26
+81 4
+5 4
+6 8
+6 4
+6 2
+1 2
-1 6
+1 6
+26 126
-22 13
+1 2
-1 1
+1 1
cfi=(70)
cfn=(224)
calls=1 25 
* 7
* 2
1668 3
-59 24
1777 2

fn=(132) fillin_rpath.isra.0
468 9
+4 1
-4 8
+6 3
cfi=(7)
cfn=(134) strsep
calls=1 239 
* 20
* 12
cfi=(7)
cfn=(134)
calls=4 239 
* 1072
* 15
+7 8
+2 9
cfn=(140)
calls=3 -98 
* 501
* 3
+4 6
+5 6
cfi=(22)
cfn=(62)
calls=3 57 
* 105
* 3
+1 6
+7 15
+9 75
+1 48
cfi=(42) ./string/../sysdeps/x86_64/multiarch/../multiarch/memcmp-sse2.S
cfn=(122) bcmp
calls=1 59 
* 15
* 2
fi=(28)
50 8
cfi=(27)
cfn=(138)
calls=4 +47 
* 20
+1 4
fe=(30)
509 1
-32 1
+1 1
+31 2
+19 16
+4 16
fi=(28)
56 4
cfi=(27)
cfn=(78)
calls=4 -20 
* 120
* 4
fe=(30)
534 8
+5 4
+1 8
-1 4
-1 4
+2 4
cfi=(29)
cfn=(126)
calls=4 197 
* 52
+3 4
-3 4
+1 4
+2 4
+6 4
+1 4
-1 12
+1 20
+1 4
-1 4
+1 4
-1 12
+1 4
-1 8
+1 4
+2 8
+1 12
+1 4
+6 8
+1 4
+3 12
-60 6
-22 6
+88 1
+3 8
-24 8

fn=(106)
706 11
+14 1
-14 2
+14 2
cfi=(37) ./elf/./elf/dl-hwcaps.c
cfn=(108) _dl_important_hwcaps
calls=1 172 
* 1244
fi=(28)
56 1
fe=(30)
720 1
fi=(28)
56 1
cfi=(27)
cfn=(78)
calls=1 -20 
* 30
fe=(30)
725 1
+2 3
+8 2
-1 3
+5 3
fi=(28)
56 1
cfi=(27)
cfn=(78)
calls=1 -20 
* 30
fe=(30)
739 1
+2 4
+7 1
+8 1
+2 1
+12 2
-23 1
+9 1
+11 1
-4 1
-5 1
+3 2
+7 2
+2 2
-11 1
+11 3
-8 1
+4 1
+1 3
+1 16
cfi=(43)
cfn=(130)
calls=4 132 
* 56
+2 15
-14 3
+10 3
+4 9
-12 3
-2 3
+2 3
+4 3
-3 3
+3 3
+1 3
-2 3
+5 9
+1 6
+3 1
+15 1
-8 1
+5 1
-6 1
+9 2
+2 4
+2 3
+36 5
+2 2
cfi=(22)
cfn=(62)
calls=1 57 
* 61
* 9
-19 1
-2 1
+2 2
+19 9
cfi=(29)
cfn=(82)
calls=1 210 
* 27
* 1
+5 4
-1 2
+2 1
+1 2
-2 4
+1 65
+1 130
-2 260
+5 1
fi=(28)
56 1
cfi=(27)
cfn=(78)
calls=1 -20 
* 30
fe=(30)
836 1
fi=(28)
56 1
fe=(30)
838 2
+6 6
cfn=(132)
calls=1 468 
* 2396
+3 3
+6 1
+4 8
-35 2
+5 2

fn=(88)
868 3
+8 3
-8 6
+8 3
-6 3
+12 6
-13 3
+13 3
-13 3
+13 6
+3 9
+1 6
+1 6
+3 9
+1 9
+4 3
+1 6
+22 3
+2 3
-2 6
+2 9
-20 10
+1 5
+3 10
+3 5
+1 20
fi=(31)
95 20
+7 10
+16 5
-3 10
254 6
+1 3
+2 12
+3 3
-8 4
+5 2
-4 2
+4 6
+3 2
-2 1
fe=(30)

fn=(140)
385 36
241 8
385 4
241 4
cfi=(41)
cfn=(118)
calls=4 32 
* 234
+3 8
410 4
-11 4
+11 24
-11 4
cfi=(44)
cfn=(142)
calls=4 40 
* 422

fn=(176)
944 20
+15 2
-15 4
+15 2
-15 4
+15 4
+77 8
+10 4
+7 14
cfi=(26)
cfn=(72)
calls=2 59 
* 929
* 2
+1 4
+11 2
+5 2
-4 2
-1 2
+2 2
+2 2
-2 2
+2 4
+1 6
+1 2
+19 2
-2 1
+2 12
-2 1
+2 28
+10 2
-10 2
+10 6
+27 2
-33 2
-3 2
+2 2
-1 2
+35 2
+9 2
-50 2
+41 2
+9 2
-36 2
+63 10
-62 86
+26 56
+8 16
+1 8
-1 8
+1 32
+1 8
-1 8
+1 8
+2 8
-2 8
+2 8
+2 8
-4 8
+1 8
+3 8
-4 8
+4 40
+2 16
+13 16
+1 30
+5 6
+1 54
-28 12
-35 18
+62 2
+1 18
-28 4
-35 51
+1 127
1213 2
1100 2
1213 4
1100 6
1218 14
+10 6
+1 2
-1 2
+1 2
-1 6
+1 6
-1 6
+1 6
-1 18
1066 4
1235 4
+10 8
+7 8
fi=(59) ./elf/./dl-map-segments.h
28 2
fe=(30)
1252 6
fi=(59)
28 4
+1 16
cfi=(57)
cfn=(182)
calls=2 +18 
* 56
+73 4
-1 2
-72 2
+73 2
+3 4
+1 2
+2 2
-3 2
+1 2
+2 2
+17 2
-44 2
fi=(60) ./elf/./dl-load.h
+10 16
fi=(59)
+58 32
+6 2
+2 2
-2 2
+1 2
+2 4
-1 4
+3 4
+5 4
+3 6
+8 12
cfi=(43)
cfn=(130)
calls=2 -44 
* 287
* 2
+6 4
+12 8
-59 48
+2 24
+2 48
cfi=(57)
cfn=(182)
calls=6 -92 
* 126
* 12
fe=(30)
1264 2
fi=(56) ./elf/../sysdeps/posix/dl-fileid.h
37 4
cfi=(55)
cfn=(178)
calls=2 -7 
* 12
* 4
fe=(30)
989 4
fi=(56)
40 6
fe=(30)
989 2
fi=(56)
40 2
fe=(30)
989 23
+1 10
fi=(56)
49 10
fe=(30)
1519 18
1074 13
+1 2
-1 1
+1 1
-1 1
+1 1
cfi=(70)
cfn=(224)
calls=1 25 
* 7
* 2
+46 2
+1 1
-15 4
+7 2
+2 2
-2 2
+1 2
+1 2
-1 4
+1 16
+60 3
+5 1
-1 2
+5 1
-5 2
-66 1
+71 4
+1 1
+3 1
-3 1
+8 4
+15 4
+1 2
1008 4
1268 8
+1 6
fi=(61) ./elf/./elf/get-dynamic-info.h
39 4
+6 2
-2 2
+11 2
+1 2
-10 4
+8 3
+15 3
-23 12
+23 44
-23 176
+4 94
+3 13
-1 26
+3 40
+1 32
+1 10
+16 8
+12 7
+1 8
+1 8
+1 8
+1 7
+1 7
+1 7
+1 8
+12 2
+7 2
-7 14
+7 5
+5 2
+7 2
+1 6
+6 6
+1 3
+17 6
+5 2
+2 2
+2 2
+2 2
+4 6
+2 6
+1 4
+9 4
+6 4
+4 4
fe=(30)
1275 4
+1 4
+2 4
+10 6
+19 6
+2 12
+52 6
+1 2
+6 18
+1 42
+6 8
cfn=(88)
calls=2 868 
* 154
-7 52
+1 25
+6 25
-6 50
fi=(31)
149 8
fe=(30)
1380 4
cfi=(62)
cfn=(194)
calls=2 25 
* 12
* 4
+13 4
+2 8
+2 4
+16 4
cfi=(8)
cfn=(14)
calls=2 25 
* 54
+4 4
+1 4
+17 4
+1 1
+3 1
+5 1
-5 1
+5 1
-5 1
+5 1
-5 1
+5 1
+5 4
+12 16
+10 4
+1 4
+5 2
cfi=(46)
cfn=(226)
calls=1 125 
* 12
+7 6
cfi=(26)
cfn=(84)
calls=2 31 
* 106
+3 4
+4 4
cfi=(45)
cfn=(196)
calls=2 38 
* 14
* 2
+1 6
+22 14
+1 6
cfi=(48)
cfn=(198)
calls=2 77 
* 10
* 2
fi=(60)
92 4
+2 1
-1 1
+1 1
-1 1
+1 1
-1 1
+1 1
-1 2
+3 4
fi=(61)
-37 8
+3 8
+2 8
181 3
-22 2
fe=(30)
1510 4
1074 2
fi=(59)
186 8
cfi=(57)
cfn=(182)
calls=1 47 
* 21
+3 2
fe=(30)
1462 6
+2 1
-1 5
+1 1
-1 1
+1 1
-1 1
cfi=(32)
cfn=(94)
calls=1 98 
* 25
* 2
+2 5

fn=(204)
238 4
+3 2
-3 10
+7 2
-7 4
+3 2
cfi=(41)
cfn=(118)
calls=2 32 
* 72
+3 4
+20 18

fn=(208)
1812 8
+1 1
-1 3
+1 1
+6 2
+5 17
+67 2
-74 1
+7 3
+57 1
-65 1
+65 1
+10 2
-64 2
+8 6
-8 6
+8 18
+7 8
-11 4
+12 4
-1 16
cfi=(29)
cfn=(126)
calls=4 197 
* 52
+1 40
+50 6
-2 12
-48 44
+3 24
+5 84
cfi=(29)
cfn=(126)
calls=12 197 
* 156
* 48
cfi=(29)
cfn=(126)
calls=12 197 
* 156
+3 24
+6 36
+3 84
cfn=(170)
calls=12 1572 
* 672
* 12
+2 36
+2 18
+93 9
-88 18
+1 63
+6 9
+2 18
-2 18
+2 9
cfi=(65)
cfn=(210)
calls=9 28 
* 138
* 9
+3 9
-3 18
+1 6
+9 24
+2 3
-2 6
+2 10
+44 32
+6 8
-2 4
+2 8
+3 3
1822 2
+2 2

fl=(140) ./misc/../sysdeps/unix/syscall-template.S
fn=(436) mprotect
117 20
+5 4

fn=(486) munmap
117 5
+5 1

fl=(147)
fn=(464)
27 1
+2 2
-2 1
+6 3
-6 3
+6 1
-6 2
+6 1
cfi=(146)
cfn=(460)
calls=1 +41 
* 225
+4 2
+2 3
+2 1
-1 1
-1 1
+2 2
-1 1
cob=(2)
cfi=(148) ./elf/./elf/libc_early_init.c
cfn=(466) __libc_early_init
calls=1 -7 
* 353

fl=(155) ./elf/./elf/dl-init.c
fn=(498) call_init.part.0
26 48
+17 4
+3 4
-3 8
+3 8
+5 6
+8 9
+1 6
cob=(3)
cfi=(153)
cfn=(500) 0x0000000004842000
calls=1 -60 
* 7
+3 3
+1 6
+6 4
+2 4
-2 2
+3 13
+1 4
cob=(2)
cfi=(160) ./libio/./libio/vtables.c
cfn=(518) check_stdfiles_vtables
calls=1 545 
* 12
* 8
cob=(2)
cfi=(157) ./csu/./csu/init-first.c
cfn=(510) _init_first
calls=1 -28 
* 72
cob=(4)
cfi=(156)
cfn=(504)
calls=1 -74 
* 12
-1 9
+3 32
-29 2

fn=(496) _dl_init
81 13
+1 1
+1 1
+3 3
+8 2
+25 1
+1 8
+1 8
-92 8
+6 12
+2 17
+83 6
cfn=(498)
calls=3 -94 
* 206
* 6
+7 8
-98 2
+60 2
-54 3
+2 7
cfn=(498)
calls=1 -11 
* 77
* 2

fl=(42)
fn=(122)
59 2
+12 2
+1 2
+22 1
+1 1
+45 1
+1 1
+2 1
+1 1
+2 1
+1 1
+2 1
+1 1
+47 1
+1 1
+1 1
+1 1
+1 1
+1 1
+53 1
+2 1
+1 1
+1 1
+1 1
+1 1
+1 1
+68 1
+1 1
+1 1
+1 1
+1 1

fl=(145)
fn=(458)
30 2
+10 3
-10 3
+10 1
-10 1
+10 1
-10 1
+7 1
+3 2
cfi=(146)
cfn=(460)
calls=1 +34 
* 233
+4 2
+1 8
+2 3
-2 1
+2 3
cfi=(146)
cfn=(460)
calls=1 +27 
* 223
+4 2
+1 7
+1 6

fl=(77)
fn=(262)
207 55
+1 10
+12 4
+4 16
-4 4
+6 12
+3 4
-1 4
+1 8
+22 20
+4 4
+7 6
fi=(6)
81 8
fi=(4)
-2 4
fe=(77)
301 8
fi=(4)
79 8
fe=(77)
301 9833
fi=(4)
79 1
fe=(77)
301 1
fi=(4)
79 2
fe=(77)
301 154
-80 8
fi=(6)
393 8
fe=(77)
190 4
+31 4
-31 4
fi=(6)
393 12
fi=(5)
49 4
fe=(77)
301 4
fi=(5)
50 4
+30 4
-31 8
+4 4
-3 4
+3 4
-3 4
+3 12
+27 8
-31 4
fe=(77)
301 4
fi=(5)
50 4
+30 4
-31 8
+4 4
-3 4
+3 4
-3 4
+3 12
+27 8
fe=(77)
301 24
fi=(5)
51 4
fi=(4)
+28 20
fi=(6)
730 8
+4 6
fe=(77)
304 20
+24 4
+3 8
+17 12
+2 40
-98 8
+3 4
+7 2
-9 2
+9 4
fi=(6)
81 4
fi=(5)
+33 24
+9 14
+1 2
fi=(6)
498 2
fi=(5)
124 2
fi=(6)
498 4
fi=(5)
124 4
fi=(6)
498 4
fi=(5)
124 4
fi=(6)
498 8
+5 12
+1 6
fi=(5)
123 6
fi=(6)
504 6
-5 6
fi=(5)
123 12
+3 24
+3 24
+2 21
fe=(77)
+59 6
fi=(5)
73 3
fe=(77)
190 3
fi=(5)
72 3
fe=(77)
190 27
fi=(5)
-57 6
+1 3
+1 3
-2 3
+2 3
+3 3
-5 3
+2 3
-2 3
+1 6
+2 3
-2 3
+2 9
+2 6
-5 316
+1 158
+1 158
-2 158
+2 158
+3 158
-5 158
+2 158
-2 158
+1 316
+2 158
-2 158
+2 474
+2 316
+9 114
fi=(6)
267 228
+7 228
+4 228
fe=(77)
170 456
fi=(4)
-30 297
fe=(77)
+31 198
+3 198
+8 184
-8 822
+12 182
-3 91
+1 91
+2 366
-3 1
+1 1
+2 96
+1 92
-1 92
+2 184
-1 368
+3 552
cfi=(78) ./elf/./elf/dl-lookup.c
cfn=(270) _dl_lookup_symbol_x
calls=92 772 
* 51475
+3 92
+1 184
-4 92
+4 460
fi=(6)
+93 394
+3 97
-3 306
+3 112
-3 112
+5 224
+25 684
423 24
fi=(5)
150 24
fi=(6)
423 180
fi=(5)
150 302
-19 653
+33 12
+1 64
+1 189
+3 94
+4 47
-1 47
-3 47
+2 94
+2 47
-2 94
fe=(77)
-1 188
fi=(6)
287 47
+3 47
-3 47
+4 94
476 94
+2 47
cfi=(15)
cfn=(462)
calls=1 71 
* 6
cob=(2)
cfi=(139) ./string/../sysdeps/x86_64/multiarch/strncase.c
cfn=(432) strncasecmp
calls=1 31 
* 21
cob=(2)
cfi=(138) ./string/../sysdeps/x86_64/multiarch/mempcpy.c
cfn=(428) mempcpy
calls=1 33 
* 22
cob=(2)
cfi=(137) ./wcsmbs/../sysdeps/x86_64/multiarch/wcpcpy.c
cfn=(424) wcpncpy
calls=1 31 
* 18
cob=(2)
cfi=(136) ./string/../sysdeps/x86_64/multiarch/strspn.c
cfn=(422) strspn
calls=1 29 
* 7
cob=(2)
cfi=(134) ./string/../sysdeps/x86_64/multiarch/memchr.c
cfn=(418) memchr
calls=1 29 
* 23
cob=(2)
cfi=(133) ./string/../sysdeps/x86_64/multiarch/memmove.c
cfn=(414) memmove
calls=1 29 
* 22
cob=(2)
cfi=(132) ./string/../sysdeps/x86_64/multiarch/stpcpy.c
cfn=(410) stpcpy
calls=1 33 
* 17
cob=(2)
cfi=(131) ./debug/../sysdeps/x86_64/multiarch/memmove_chk.c
cfn=(406) __memmove_chk
calls=1 29 
* 22
cob=(2)
cfi=(129) ./wcsmbs/../sysdeps/x86_64/multiarch/wmemcmp.c
cfn=(402) wmemcmp
calls=1 29 
* 24
cob=(2)
cfi=(128) ./string/../sysdeps/x86_64/multiarch/strncpy.c
cfn=(398) strncpy
calls=1 29 
* 19
cob=(2)
cfi=(127) ./string/../sysdeps/x86_64/multiarch/strlen.c
cfn=(394) strlen
calls=1 29 
* 25
cob=(2)
cfi=(100) ./wcsmbs/../sysdeps/x86_64/multiarch/wcscat.c
cfn=(390) wcscat
calls=1 31 
* 18
cob=(2)
cfi=(126) ./string/../sysdeps/x86_64/multiarch/strcasecmp_l.c
cfn=(386) strcasecmp_l
calls=1 31 
* 21
cob=(2)
cfi=(125) ./string/../sysdeps/x86_64/multiarch/strcpy.c
cfn=(382) strcpy
calls=1 29 
* 17
cob=(2)
cfi=(123) ./wcsmbs/../sysdeps/x86_64/multiarch/wmemset.c
cfn=(378) wmemset
calls=2 31 
* 20
cob=(2)
cfi=(121) ./string/../sysdeps/x86_64/multiarch/memcmp.c
cfn=(374) bcmp
calls=1 29 
* 24
cob=(2)
cfi=(120) ./string/../sysdeps/x86_64/multiarch/strchrnul.c
cfn=(370) strchrnul
calls=1 31 
* 25
cob=(2)
cfi=(119) ./string/../sysdeps/x86_64/multiarch/strncase_l.c
cfn=(366) strncasecmp_l
calls=1 31 
* 21
cob=(2)
cfi=(117) ./string/../sysdeps/x86_64/multiarch/strcat.c
cfn=(362) strcat
calls=1 29 
* 17
cob=(2)
cfi=(116) ./wcsmbs/../sysdeps/x86_64/multiarch/wcscpy.c
cfn=(360) wcscpy
calls=1 60 
* 16
cob=(2)
cfi=(115) ./string/../sysdeps/x86_64/multiarch/strcspn.c
cfn=(358) strcspn
calls=1 29 
* 7
cob=(2)
cfi=(113) ./string/../sysdeps/x86_64/multiarch/strcasecmp.c
cfn=(354) strcasecmp
calls=1 31 
* 21
cob=(2)
cfi=(112) ./string/../sysdeps/x86_64/multiarch/strncmp.c
cfn=(352) strncmp
calls=1 67 
* 21
cob=(2)
cfi=(110) ./wcsmbs/../sysdeps/x86_64/multiarch/wmemchr.c
cfn=(348) wmemchr
calls=2 31 
* 46
cob=(2)
cfi=(108) ./string/../sysdeps/x86_64/multiarch/stpncpy.c
cfn=(344) stpncpy
calls=1 31 
* 19
cob=(2)
cfi=(107) ./wcsmbs/../sysdeps/x86_64/multiarch/wcscmp.c
cfn=(340) wcscmp
calls=1 30 
* 25
cob=(2)
cfi=(106) ./string/../sysdeps/x86_64/multiarch/strrchr.c
cfn=(336) rindex
calls=1 28 
* 25
cob=(2)
cfi=(104) ./debug/../sysdeps/x86_64/multiarch/memset_chk.c
cfn=(332) __memset_chk
calls=1 29 
* 24
cob=(2)
cfi=(103) ./string/../sysdeps/x86_64/multiarch/strchr.c
cfn=(330) index
calls=1 65 
* 19
cob=(2)
cfi=(100)
cfn=(324) wcschr
calls=2 31 
* 50
cob=(2)
cfi=(98) ./string/../sysdeps/x86_64/multiarch/memcmpeq.c
cfn=(320) memcpy@@GLIBC_2.14
calls=1 29 
* 22
cob=(2)
cfi=(96) ./wcsmbs/../sysdeps/x86_64/multiarch/wcsncpy.c
cfn=(316) wcsncpy
calls=1 31 
* 18
cob=(2)
cfi=(95) ./string/../sysdeps/x86_64/multiarch/memrchr.c
cfn=(312) memrchr
calls=1 29 
* 25
cob=(2)
cfi=(94) ./debug/../sysdeps/x86_64/multiarch/memcpy_chk.c
cfn=(308) __memcpy_chk
calls=1 29 
* 22
cob=(2)
cfi=(92) ./debug/../sysdeps/x86_64/multiarch/mempcpy_chk.c
cfn=(304) __mempcpy_chk
calls=1 29 
* 22
cob=(2)
cfi=(91) ./wcsmbs/../sysdeps/x86_64/multiarch/wcslen.c
cfn=(300) wcslen
calls=1 29 
* 19
cob=(2)
cfi=(89) ./string/../sysdeps/x86_64/multiarch/memset.c
cfn=(296) memset
calls=1 29 
* 24
cob=(2)
cfi=(87) ./wcsmbs/../sysdeps/x86_64/multiarch/wcsnlen.c
cfn=(292) wcsnlen
calls=1 30 
* 19
cob=(2)
cfi=(86) ./string/../sysdeps/x86_64/multiarch/strcmp.c
cfn=(290) strcmp
calls=1 79 
* 19
cob=(2)
cfi=(85) ./string/../sysdeps/x86_64/multiarch/strpbrk.c
cfn=(288) strpbrk
calls=1 29 
* 7
cob=(2)
cfi=(83) ./string/../sysdeps/x86_64/multiarch/strnlen.c
cfn=(284) strnlen
calls=2 31 
* 50
cob=(2)
cfi=(81) ./string/../sysdeps/x86/cacheinfo.c
cfn=(280) __x86_cacheinfo
calls=1 86 
* 28
fi=(5)
165 47
fi=(6)
479 47
fi=(5)
165 100
-14 63
fi=(6)
400 48
+2 64
+4 16
+9 16
-9 32
+9 16
fi=(5)
150 32
fi=(6)
320 21
+3 21
-36 75
fi=(5)
141 47
+1 47
-1 141
+2 47
fi=(6)
287 235
fe=(77)
175 63
+3 7
-1 7
+19 7
-18 14
356 20
+3 4
-3 4
+3 4
+4 8
+1 16
cfi=(140)
cfn=(436)
calls=4 117 
* 24
* 8
-63 6
fi=(5)
180 7
fe=(77)
+10 2
fi=(5)
73 1
fe=(77)
190 3
fi=(6)
436 7
fi=(5)
182 2
+1 2
-1 1
+3 1
-3 4
+3 2
-3 10
+1 10
-1 5
+3 5
-3 20
+3 10
+8 6
fi=(6)
+74 12
+7 12
+4 12
fe=(77)
170 24
fi=(4)
-30 18
fe=(77)
+31 12
+3 12
+8 12
-8 54
+12 12
-3 6
+1 6
+2 36
+4 24
-4 6
+4 18
cfi=(78)
cfn=(270)
calls=6 772 
* 2969
+3 6
+1 12
-4 6
+4 30
fi=(6)
+93 20
+3 2
-3 6
+3 2
-3 2
+5 4
+25 36
423 6
fi=(5)
196 18
-16 24
+31 7
fe=(77)
-33 7
-3 21

fl=(7)
fn=(134)
239 5
+3 10
+2 5
+1 10
+4 12
-2 8
+4 132
+5 378
-2 258
+6 6
+7 3
+4 6
-4 1
+4 4
-22 63
+15 63
-15 128

fn=(12)
42 1
+1 2
+1 2
+1 2
+1 2
+1 1

fn=(454) lookup_malloc_symbol
61 8
+3 4
-3 12
+3 4
-3 12
+3 4
-3 4
+2 4
+1 16
cfi=(78)
cfn=(270)
calls=4 772 
* 2196
+4 28
+1 28
+2 4
fi=(144) ./elf/./dl-sym-post.h
-30 8
+12 12
fe=(7)
+19 24

fn=(450)
76 2
+10 1
fi=(143) ./elf/../sysdeps/generic/dl-hash.h
-41 1
-1 1
fe=(7)
+32 8
+11 1
-1 1
fi=(143)
-43 1
+5 3
+14 4
-17 3
+3 15
+14 20
-17 15
fe=(7)
+46 2
fi=(143)
-24 1
fe=(7)
+22 1
+2 2
fi=(143)
-19 1
fe=(7)
+19 1
cfn=(454)
calls=1 -30 
* 574
+1 3
-1 1
+1 1
cfn=(454)
calls=1 -31 
* 563
+1 3
-1 1
+1 1
cfn=(454)
calls=1 -32 
* 648
+1 3
-1 1
+1 1
cfn=(454)
calls=1 -33 
* 583
+5 1
+1 1
+1 1
+1 1
+1 8

fl=(43)
fn=(130)
132 7
+1 35
+5 7
+1 7
+3 2
+1 2
244 2
+1 2
+12 2
+3 2
+1 2
+12 2
+1 2
+13 2
+1 2
+2 2
+3 1
+3 2
+3 1
+1 1
+1 1
+1 1
+1 1
+1 1
+1 1
-6 34
+1 34
+1 34
+1 34
+1 34
+1 34
+1 34
+3 2
+1 2
+1 2
+1 2
+5 2
+34 5
+2 5
+1 5
+39 5
+1 5
+2 5

fl=(63)
fn=(200)
25 1
+2 7
+4 1

fl=(29)
fn=(82)
210 18
+1 18
+6 18
+1 18
+2 14
+1 14
+1 14
+2 10
+1 10
+1 10
+2 10
+80 4
+1 4
+2 1
+4 1
+1 1
+1 1
+1 1
+1 1
+4 1
+2 1
+39 3
+1 3
+1 3
+1 3
+1 3
+24 4
+1 4
+2 4
+1 4
+1 4
+2 4
+1 4
+1 4
+1 4
+1 4
+1 4
+1 4
+1 4
+1 4
+1 4
+1 4
+1 4
+1 4
+1 4
+1 4

fn=(126)
197 37
+1 37
+1 37
+1 37
+17 37
+1 37
+2 17
+1 17
+1 17
+2 16
+1 16
+1 16
+2 16
+80 20
+1 20
+2 6
+4 6
+1 6
+1 6
+8 6
+39 14
+1 14
+1 14
+1 14
+1 14
+24 1
+1 1
+2 1
+1 1
+1 1
+2 1
+1 1
+1 1
+1 1
+1 1
+1 1
+1 1
+1 1
+1 1
+1 1
+1 1
+1 1
+1 1
+1 1
+1 1

fl=(73)
fn=(240)
392 7
+4 5
-2 1
+4 24
cfn=(242) _dl_check_map_versions
calls=4 155 
* 3730
-2 4
+2 12
-1 4
-1 8
+5 7

fn=(242)
155 40
+15 12
+2 20
+2 4
+1 4
+2 8
+3 4
-16 4
+20 2
-4 2
-24 2
+28 14
+16 4
36 2
200 2
36 14
+1 5
-1 10
+2 21
cfi=(52)
cfn=(168)
calls=7 +30 
* 664
* 16
208 6
+5 2
fi=(216) ./elf/../sysdeps/generic/_itoa.h
76 6
fe=(73)
213 4
+4 4
+1 4
-1 4
+4 2
-3 2
+3 2
-3 6
-1 8
+1 8
-1 8
+4 4
-3 4
+3 4
-3 27
56 24
+8 18
+6 18
+16 6
+1 12
+2 6
+5 42
+14 114
+12 153
+4 51
-30 102
231 24
+3 18
+5 4
-24 4
110 6
+3 30
cfi=(32)
cfn=(94)
calls=6 -15 
* 244
* 18
224 18
+4 4
+15 6
+14 10
+3 4
+3 14
+3 8
+4 2
-7 8
+3 6
+4 44
-7 176
+3 134
+8 6
+6 6
fi=(28)
44 3
fe=(73)
280 6
fi=(28)
44 3
cfi=(27)
cfn=(74)
calls=3 +36 
* 123
fe=(73)
281 6
-2 3
fi=(28)
44 3
fe=(73)
281 3
+13 3
-3 3
+3 12
+2 6
+3 8
+4 6
+7 6
+1 6
-1 18
+1 6
+1 6
-2 6
+2 12
+1 18
+3 18
+5 4
-15 4
+2 4
-2 4
+2 4
-2 4
+2 8
-2 2
+2 2
-2 2
+2 2
-2 2
+2 4
+16 6
+10 4
+3 4
+4 46
+6 46
+1 46
+1 46
-1 138
+1 46
-1 46
+1 46
+1 46
+3 138
+4 46
-14 96
+10 6
+12 4
+1 4
+1 4
+1 2
+19 36
164 2
-8 2
257 5
+17 3
+60 2
-40 2
+76 4
+2 4
+4 2
-4 120
+1 60
+2 1
+1 2
-1 1
+1 1
cfi=(32)
cfn=(244) strncmp
calls=1 98 
* 32
* 2

fl=(11)
fn=(22) __GI___tunables_init
261 8
+22 1
-22 1
128 1
283 1
-22 1
+6 4
42 500
+6 99
-3 99
+3 9512
+4 198
+4 198
fi=(12) ./elf/./elf/dl-tunables.h
160 99
fe=(11)
56 198
fi=(12)
161 24
-1 171
+1 321
-1 198
fe=(11)
281 16236
+6 29403
fi=(12)
160 990
+1 1980
-1 83
+1 332
-1 415
fe=(11)
304 8

fn=(58) __GI___tunable_set_val
153 15
-81 40
+81 15
-81 10
+10 5
fi=(217) ./elf/./dl-tunable-types.h
+2 5
fe=(11)
+9 40
+1 25
fi=(12)
+47 10
fe=(11)
-26 25
+1 5
+1 5
+1 5
+39 15
fi=(12)
-15 10
fe=(11)
-45 10
+3 5
fi=(12)
+51 5
fe=(11)
-51 5
+4 10
+7 10
+1 10
-12 25

fn=(28)
387 38
+3 76
-3 38
+3 304
+9 35
-9 70
+19 22
+7 228
+2 38
-19 16
+1 16
+9 6

fl=(37)
fn=(108)
172 6
+3 1
-3 3
+3 1
-3 5
+2 1
cfi=(38) ./elf/../sysdeps/x86_64/dl-hwcaps-subdirs.c
cfn=(110) _dl_hwcaps_subdirs_active
calls=1 29 
* 49
+1 1
fi=(40) ./elf/./dl-hwcaps.h
43 1
fe=(37)
174 1
fi=(40)
45 2
+32 1
+1 1
+1 1
fe=(37)
-27 2
cfi=(39) ./elf/./elf/dl-hwcaps_split.c
cfn=(114) _dl_hwcaps_split_masked
calls=1 -1 
* 23
* 2
fi=(40)
-9 1
+2 1
-2 1
+34 2
+1 2
+1 1
fe=(37)
-24 2
-1 2
+1 2
+1 2
+1 2
-5 4
cfi=(39)
cfn=(114)
calls=2 -1 
* 130
* 2
cfi=(39)
cfn=(114)
calls=1 -1 
* 125
* 6
+48 4
fi=(28)
-44 2
cfi=(27)
cfn=(78)
calls=1 -20 
* 30
fe=(37)
+46 2
-2 1
+2 1
+3 1
+3 1
fi=(40)
-65 1
+2 1
fe=(37)
+67 1
fi=(40)
-66 1
fe=(37)
+66 2
cfi=(39)
cfn=(120) _dl_hwcaps_split
calls=1 -87 
* 13
* 2
fi=(40)
-69 1
+2 1
-2 1
+34 2
+1 2
+1 1
fe=(37)
+48 10
+1 4
+1 2
+1 2
-1 2
-4 4
cfi=(39)
cfn=(114)
calls=2 -74 
* 130
* 2
cfi=(39)
cfn=(114)
calls=1 -74 
* 125
* 6
+8 3
+9 5
+3 8
-2 6
+14 1
+4 1
+1 1
+1 1
-20 3
+19 1
+1 1
-20 2
+8 2
+4 2
-4 3
+4 2
cfi=(42)
cfn=(122)
calls=1 -96 
* 19
+1 3
-14 8
+47 1
-4 2
+4 2
-3 1
+7 1
-7 2
+7 1
fi=(28)
56 1
cfi=(27)
cfn=(78)
calls=1 -20 
* 30
* 1
fe=(37)
194 2
+8 1
fi=(40)
43 1
fe=(37)
201 1
80 1
fi=(40)
-35 1
fe=(37)
+35 1
202 1
fi=(40)
77 1
+1 1
fe=(37)
202 3
fi=(40)
79 1
fe=(37)
-2 2
cfi=(39)
cfn=(114)
calls=1 -26 
* 23
* 2
fi=(40)
-34 1
+2 1
fe=(37)
+35 2
fi=(40)
-37 1
+34 2
+1 2
+1 3
fe=(37)
+1 4
+7 2
-7 8
cfi=(29)
cfn=(126)
calls=2 197 
* 26
+4 2
+2 2
+2 2
-2 4
-9 4
cfi=(39)
cfn=(114)
calls=2 -26 
* 130
* 2
cfi=(39)
cfn=(114)
calls=1 -26 
* 125
* 6
213 2
-5 1
+1 1
-1 1
+5 1
+3 9

fl=(1) ???
fn=(0) 0x000000000001f540
0 2
cfi=(2)
cfn=(2)
calls=1 517 
0 179634
0 8
cfi=(76)
cfn=(492) _dl_cet_setup_features
calls=1 331 
0 4
0 10
cfi=(155)
cfn=(496)
calls=1 81 
0 393
0 3
cob=(5)
cfi=(161)
cfn=(522)
calls=1 0 
0 18882

fl=(66)
fn=(212)
146 18
-55 18
+70 21
+1 3
-2 12
+1 12

fl=(32)
fn=(94)
98 177
+33 177
+1 177
+2 177
+1 177
+21 177
+1 177
+1 140
+1 140
+1 131
+1 131
+1 131
+1 131
+17 131
+1 131
+1 131
+1 131
+1 131
+1 131
+1 131
+5 12
+1 36
+9 12
+1 12
+1 12
+1 12
+1 12
+1 12
+1 12
+1 12
-7 46
+1 46
+1 46
+1 46
+1 46
+1 46
+1 46
+1 46
+1 56
+1 21
+1 21
+1 21
+2 21
+1 21
+1 21
+1 21
+1 21
+1 21
-5 35
+1 35
+1 35
+1 35
+1 35
+1 35
+10 2
+1 2
+1 2
+2 2
+6 2
+1 2
+1 2
+1 2
+1 2
+5 2
+52 6
+1 6
+1 6
+1 6
+1 6
+2 6
+1 6
+1 6
+1 6
+1 6
+1 6
+1 6
+1 6
+3 6
+1 6
+1 6
+6 6
+1 6
+1 12
+4 6
+1 6
+3 6
+1 6
+1 6
+2 6
+1 6
+1 6
+4 6
+1 6
+1 6
+1 6
+1 6
+1 6
661 1
+1 1
+1 1
+1 1
+1 1
+2 1
+1 1
+1 1
+1 1
+1 1
+1 1
+1 1
780 1
+1 1
+1 1
+1 1
+1 1
+2 1
+1 1
+1 1
+1 1
+1 1
+1 1
+1 1
899 4
+1 4
+1 4
+1 4
+1 4
+2 4
+1 4
+1 4
+1 4
+1 4
+1 4
+1 4
+1 2
+4 2
+1 2
+1 2
+6 2
+1 2
+1 4
+4 2
+1 2
+3 2
+1 2
+1 2
+2 2
+1 2
+1 2
+4 2
+1 2
+1 2
+1 2
+1 2
+1 2
+7 1
+1 1
+2 1
+1 1
+2 1
+1 1
+1 1
+2 1
+1 1
+1 1
+4 1
+1 1
+1 1
+1 1
+1 1
+1 1
+41 2
+1 2
+1 2
+1 2
+1 2
+2 2
+1 2
+1 2
+1 2
+1 2
+1 2
+1 2
+1 2
+4 2
+1 2
+1 2
+6 2
+1 2
+1 4
+4 2
+1 2
+3 2
+1 2
+1 2
+2 2
+1 2
+1 2
+4 2
+1 2
+1 2
+1 2
+1 2
+1 2
+69 3
+1 3
+1 3
+1 3
+1 3
+2 3
+1 3
+1 3
+1 3
+1 3
+1 3
+1 3
1256 4
+1 4
+1 4
+1 4
+1 4
+2 4
+1 4
+1 4
+1 4
+1 4
+1 4
+1 4
1375 15
+1 15
+1 15
+1 15
+1 15
+2 15
+1 15
+1 15
+1 15
+1 15
+1 15
+1 15
+1 10
+4 10
+1 10
+1 10
+6 10
+1 10
+1 20
+4 10
+1 10
+3 10
+1 10
+1 10
+2 10
+1 10
+1 10
+4 10
+1 10
+1 10
+1 10
+1 10
+1 10
+69 4
+1 4
+1 4
+1 4
+1 4
+2 4
+1 4
+1 4
+1 4
+1 4
+1 4
+1 4
+1 4
+4 4
+1 4
+1 4
+6 4
+1 4
+1 8
+4 4
+1 4
+3 4
+1 4
+1 4
+2 4
+1 4
+1 4
+4 4
+1 4
+1 4
+1 4
+1 4
+1 4
+69 3
+1 3
+1 3
+1 3
+1 3
+2 3
+1 3
+1 3
+1 3
+1 3
+1 3
+1 3
+1 2
+4 2
+1 2
+1 2
+6 2
+1 2
+1 4
+4 2
+1 2
+3 2
+1 2
+1 2
+2 2
+1 2
+1 2
+4 2
+1 2
+1 2
+1 2
+1 2
+1 2
+7 1
+1 1
+2 1
+1 1
+2 1
+1 1
+1 1
+2 1
+1 1
+1 1
+4 1
+1 1
+1 1
+1 1
+1 1
+1 1
+41 7
+1 7
+1 7
+1 7
+1 7
+2 7
+1 7
+1 7
+1 7
+1 7
+1 7
+1 7
+1 6
+4 6
+1 6
+1 6
+6 6
+1 6
+1 12
+4 6
+1 6
+3 6
+1 6
+1 6
+2 6
+1 6
+1 6
+4 6
+1 6
+1 6
+1 6
+1 6
+1 6
+7 1
+1 1
+2 1
+1 1
+2 1
+1 1
+1 1
+2 1
+1 1
+1 1
+4 1
+1 1
+1 1
+1 1
+1 1
+1 1
+41 5
+1 5
+1 5
+1 5
+1 5
+2 5
+1 5
+1 5
+1 5
+1 5
+1 5
+1 5
+1 4
+4 4
+1 4
+1 4
+6 4
+1 4
+1 8
+4 4
+1 4
+3 4
+1 4
+1 4
+2 4
+1 4
+1 4
+4 4
+1 4
+1 4
+1 4
+1 4
+1 4
+69 1
+1 1
+1 1
+1 1
+1 1
+2 1
+1 1
+1 1
+1 1
+1 1
+1 1
+1 1
2093 36
+2 36
+1 36
+1 36
+1 36
-3 22
+1 22
+1 22
+1 22
+1 42
+5 21
+6 21
+1 21
+8 21
+1 21
-16 156
+6 156
+1 156
+8 156
+1 156

fn=(244)
98 1
+27 1
+1 1
+1 1
+1 1
+1 1
+2 1
+1 1
+2 1
+1 1
+21 1
+1 1
+1 1
+1 1
+1 1
+1 1
+1 1
+1 1
+17 1
+1 1
+1 1
+1 1
+1 1
+1 1
+1 1
2104 1
+3 1
+1 1
+2 1
+1 1
+8 1
+1 1

fl=(26)
fn=(72)
59 45
+3 6
+18 4
+3 2
cfi=(22)
cfn=(62)
calls=2 -26 
* 78
+4 2
-4 2
+4 2
+5 2
-9 6
fi=(28)
-39 4
cfi=(27)
cfn=(74)
calls=2 +36 
* 183
fe=(26)
+39 1
fi=(28)
-39 2
cfi=(27)
cfn=(74)
calls=1 +36 
* 47
* 3
fe=(26)
+51 6
+5 3
+4 3
-6 3
+2 3
+4 3
-5 3
+4 3
+1 3
-1 3
+1 6
cfi=(29)
cfn=(82)
calls=3 210 
* 52
* 3
+15 3
-15 3
+2 3
+13 6
+6 1
+2 7
+3 2
-3 14
+3 4
+2 3
+4 3
+3 10
+2 12
-2 8
+2 8
-2 16
+16 6
-5 3
+5 3
-6 3
+6 3
-6 3
+6 6
+2 4
+3 4
-3 4
+7 8
+4 6
+8 1
+13 1
-10 2
+10 5
-10 4
+10 6
+2 2
cfi=(22)
cfn=(62)
calls=2 57 
* 96
+21 2
-21 6
+17 2
-13 6
+50 6
cfi=(29)
cfn=(126)
calls=2 -48 
* 42
* 2
+5 4
+1 4
-1 80
+1 80
+4 4
+1 2
+3 2
+4 27
131 6
-8 2
-4 4
+34 1
+7 4
+8 8
fi=(28)
56 4
cfi=(27)
cfn=(78)
calls=2 -20 
* 60
* 2
fe=(26)
200 4
-1 4
64 2
+2 3
+1 2
+4 6
+6 2

fn=(84)
31 12
+2 3
-2 6
+2 3
-2 9
+2 3
cfi=(24)
cfn=(86)
calls=3 +9 
* 9
+2 26
+3 20
+2 2
+2 2
+4 2
+4 2
-4 4
+1 4
+1 4
+3 10
-1 2
cfi=(24)
cfn=(86)
calls=2 -8 
* 6
-4 1
+4 1
-4 2
+1 2
+1 2
+3 5
-1 1
cfi=(24)
cfn=(86)
calls=1 -8 
* 3
-5 2

fl=(20) ./elf/../sysdeps/x86/dl-cacheinfo.h
fn=(52) intel_check_word.constprop.0
123 48
-4 72
+10 24
-10 96
+10 48
-10 24
+10 24
-10 24
+10 24
+2 48
+71 48
fi=(21) ./elf/../bits/stdlib-bsearch.h
32 24
fe=(20)
202 120
-71 96
+2 60
+2 120
+8 120
+51 96
+22 48
fi=(21)
28 48
-1 96
+2 216
+2 168
+1 84
fe=(20)
+78 168
+3 324
fi=(21)
-78 264
-6 528
+2 480
+1 240
fe=(20)
+78 480
+15 12
246 144
fi=(21)
37 120
fe=(20)
155 36
+3 36
-6 12
+3 39
+9 18
+23 21
-32 63
+3 63
+4 58
+2 116
+3 84
+1 48
+1 48
+1 30
+2 11
+2 22
+6 14
+3 8
+1 12
-20 15
+12 4
+2 4
+1 4
-2 4
-1 4
+2 8
-2 4
+3 4
-2 12
+2 12
+11 2
-9 12

fn=(56) get_common_cache_info.constprop.0
571 11
+17 1
+1 1
+9 1
-12 1
+2 1
+2 1
+8 1
-11 1
+3 1
+11 2
-5 3
+17 1
+5 3
+4 2
770 5
+1 5
+4 2
+8 1
-1 1
+1 1
+1 1
+1 7
627 5
+3 6
-32 5
+75 4
+8 5
+2 2
-2 1
+6 3
+3 1
+1 5
-4 4
+21 2
-21 4
+2 1
+2 4
-4 1
+6 4
+3 2
+5 1
+2 2
+1 1
+1 1
-2 2
+1 1
-19 4
+46 2
+1 1
+1 2
+1 1
+25 3
630 3
+10 6
+14 2
+4 1
+3 1
+1 1
-4 2
+3 3
+6 4
-37 12
+7 6
-7 3
+7 2
+3 20
+5 2
+4 1
+1 1
-1 2
+1 1
+61 2
+7 1
+2 2
-16 1
+22 1
-6 2
+1 1
+5 1
-30 5

fn=(50) handle_intel.constprop.0
255 24
-5 12
+17 12
-17 96
+11 12
+1 12
+5 36
+4 24
+34 96
-29 12
+3 24
-3 12
+3 36
cfn=(52)
calls=12 123 
* 4092
+2 24
+3 60
cfn=(52)
calls=12 123 
* 1272
+2 24

fl=(78)
fn=(276) check_match
70 1470
+3 584
+13 96
-13 96
+13 96
-13 96
+13 288
+3 328
cfi=(32)
cfn=(94)
calls=34 +9 
* 2002
* 68
+4 96
+1 192
+2 188
+19 188
+1 752
+45 96
+1 784
-18 4
+2 4
+1 2
-1 4
+1 6
-1 4
-29 282
cfi=(32)
cfn=(94)
calls=94 -19 
* 2844
* 188
-44 8
+5 4

fn=(270)
772 612
+3 102
-3 306
+3 102
-3 408
fi=(79) ./elf/../sysdeps/generic/dl-new-hash.h
74 102
+3 204
-8 102
+1 204
+10 102
+1 204
-1 661
+1 1322
+20 716
-2 716
+6 716
-3 1432
+2 716
-30 716
+3 1432
fe=(78)
774 102
+1 102
+3 102
-4 102
+1 102
+7 392
+5 102
-2 102
+2 102
-2 102
+6 1458
+1 1428
cfn=(274) do_lookup_x
calls=102 347 
* 37214
* 306
+28 102
-23 306
+23 102
-23 204
+24 560
+7 96
-7 96
+35 384
+34 384
-20 288
+3 192
-57 102
+76 918
fi=(79)
87 47
+1 47
+1 94
+1 47
fe=(78)
871 2
-72 36
+18 18
+11 24

fn=(274)
347 918
+1 102
-1 408
+6 102
-6 102
+65 102
-58 102
+11 102
+50 102
-3 204
+3 204
-50 102
+50 408
-19 999
+8 333
-4 333
+1 333
+3 1332
+1 666
+3 333
-3 333
+4 666
+4 666
-2 333
+5 1332
+3 2331
+99 711
358 666
+3 666
+4 666
+21 666
+4 666
+71 768
fi=(4)
139 192
+1 288
fe=(78)
476 192
fi=(80) ./elf/../sysdeps/generic/dl-protected.h
29 384
fe=(78)
483 740
+16 192
+1 96
+22 96
-21 96
+21 672
-99 294
-1 196
+2 196
+2 98
+6 392
-6 98
+6 686
+7 393
-10 1135
+2 98
+1 294
-1 98
+1 196
-1 98
+1 98
+1 98
-1 98
+1 98
-1 686
cfn=(276)
calls=98 70 
* 10770
+4 294
+3 4
+31 16
+52 6
-1 6
+1 42
-35 21

fl=(16)
fn=(42) update_active.constprop.0
72 8
+4 1
+10 1
+9 1
+9 1
-19 1
-1 1
+29 1
-4 1
-24 1
+9 1
+9 1
+9 1
-28 2
+25 1
-15 1
-9 1
+9 1
+9 1
+9 1
-3 1
+7 1
-13 1
+9 1
+4 2
-22 1
+22 2
-13 1
+6 1
+3 1
+5 1
+12 1
-8 1
-4 1
+7 1
-3 4
+1 1
+2 1
-2 2
+1 3
+5 1
+2 1
-2 4
+1 1
+1 1
-1 2
+1 1
-1 1
+3 2
+1 4
+14 2
356 2
+4 3
fi=(18) ./elf/../sysdeps/unix/sysv/linux/x86/dl-hwcap2.h
25 2
fi=(19) ./elf/../sysdeps/x86/get-isa-level.h
+5 1
-2 1
+2 3
fe=(16)
369 1
+1 8
151 2
+1 2
-1 5
+1 2
+2 3
+90 1
+1 1
-1 2
+17 4
+16 2
+5 1
-1 2
+4 4
+4 2
+4 3
+1 2
+3 1
-1 1
+9 1
-5 1
+2 1
-2 1
+5 1
+51 1
fi=(19)
31 1
fe=(16)
356 2
fi=(19)
32 3
+4 3
fe=(16)
158 4
+3 1
+3 2
+14 1
+2 1
+10 3
-12 1
+12 1
-12 1
+2 2
-2 1
+2 1
+8 1
-8 1
+6 3
+2 1
-2 1
+2 3
+7 5
fi=(19)
39 2
+1 4
-2 1
+7 4
+2 1
+1 2
+3 5
+2 4
+1 2
+1 2
+3 1
-1 1
+1 3
fe=(16)
171 1
-5 2
+4 1

fn=(36)
682 1
+17 1
-17 7
+3 1
+1 1
+1 1
+3 1
+9 2
+3 6
1001 3
+1 2
+3 2
+1 2
+6 1
+1 1
+1 1
+1 1
fi=(20)
792 1
+1 1
+2 1
+14 2
+85 1
+1 1
+15 1
-5 1
+5 1
-10 1
-6 1
+2 1
+14 1
-15 1
+2 1
-1 1
+2 1
-1 1
+2 1
-1 1
+1 1
+2 1
+1 1
+1 1
+1 1
+35 2
-15 3
+8 2
+27 6
+9 2
+19 2
+8 6
cfi=(11)
cfn=(28)
calls=1 387 
* 23
* 1
+2 2
+3 4
cfi=(11)
cfn=(28)
calls=1 387 
* 23
* 1
+2 2
+3 4
cfi=(11)
cfn=(28)
calls=1 387 
* 23
* 1
+1 5
+16 2
-12 5
cfi=(11)
cfn=(28)
calls=1 387 
* 23
* 1
+1 3
+6 3
+3 1
-3 2
cfi=(11)
cfn=(28)
calls=1 387 
* 23
* 1
+3 5
-3 1
+3 5
cfi=(11)
cfn=(58)
calls=1 153 
* 62
+1 10
cfi=(11)
cfn=(58)
calls=1 153 
* 62
+1 11
cfi=(11)
cfn=(58)
calls=1 153 
* 62
+3 10
cfi=(11)
cfn=(58)
calls=1 153 
* 62
+2 10
cfi=(11)
cfn=(58)
calls=1 153 
* 62
+13 1
+2 1
fe=(16)
-23 1
fi=(20)
+21 1
+3 1
fe=(16)
-24 1
fi=(20)
+26 1
-5 1
+2 1
-2 1
+3 1
fe=(16)
-24 1
fi=(20)
+25 1
+3 1
-1 1
fe=(16)
-27 1
cfi=(11)
cfn=(28)
calls=1 387 
* 22
+3 4
cfi=(11)
cfn=(28)
calls=1 387 
* 24
+6 3
+54 1
-1 1
+1 1
+45 4
cfi=(11)
cfn=(28)
calls=1 387 
* 22
+2 4
cfi=(11)
cfn=(28)
calls=1 387 
* 22
+6 4
cfi=(11)
cfn=(28)
calls=1 387 
* 24
+7 8
fi=(20)
974 12
fe=(16)
+68 1
-1 2
+1 3
+44 3
+27 2
-10 2
+1 2
+2 3
+1 2
+2 3
+1 2
fi=(20)
811 2
cfn=(50)
calls=1 255 
* 455
+1 1
-1 1
+1 1
cfn=(50)
calls=1 255 
* 503
+1 1
-1 1
+1 1
cfn=(50)
calls=1 255 
* 530
+4 1
-4 1
+1 2
+3 1
cfn=(50)
calls=1 255 
* 476
+2 1
-2 1
+2 1
cfn=(50)
calls=1 255 
* 468
+3 1
-3 1
+1 2
+2 1
cfn=(50)
calls=1 255 
* 446
+2 1
-2 1
+2 1
cfn=(50)
calls=1 255 
* 447
+3 1
-2 1
-1 1
+3 1
cfn=(50)
calls=1 255 
* 494
+2 1
-2 1
+2 1
cfn=(50)
calls=1 255 
* 495
+1 1
+2 1
-3 1
+1 1
+2 1
cfn=(50)
calls=1 255 
* 521
+2 1
-2 1
+2 1
cfn=(50)
calls=1 255 
* 522
+2 1
-2 1
+2 1
cfn=(50)
calls=1 255 
* 523
+2 4
-2 1
+2 1
cfn=(56)
calls=1 571 
* 223
+93 1
-6 3
+6 1
-6 2
+6 2
-6 2
+6 2
-1 2
fe=(16)
708 6
cfn=(38) get_common_indices.constprop.0
calls=1 398 
* 74
376 3
+1 2
+1 6
+5 2
713 1
cfn=(42)
calls=1 72 
* 222
+2 1
+2 1
1015 1
715 2
878 2
+7 2
+2 2
+4 2
+6 2
+2 1
706 2
-3 1
384 6
+5 2
+1 7
717 1
fi=(20)
987 1
-48 1
fe=(16)
717 1
fi=(20)
987 2
fe=(16)
717 6
+4 7
+78 1
-25 3
+92 2
+3 2
fi=(20)
+38 1
fe=(16)
-37 1
-89 2
+51 2

fn=(38)
398 3
+4 4
+3 3
+5 2
-5 1
+5 1
-5 1
+4 1
+1 1
+1 4
+1 4
+1 3
+1 2
+7 2
+2 5
+5 1
-5 1
+5 1
-5 1
+5 1
-5 2
+5 1
+7 1
-7 4
+7 1
+1 3
+6 1
-6 4
+6 1
fi=(17) ./elf/../sysdeps/unix/sysv/linux/x86/dl-minsigstacksize.h
24 2
+3 2
+1 2
+37 3
+7 1
+2 1
fe=(16)
457 3

fl=(14) ./elf/../sysdeps/unix/sysv/linux/brk.c
fn=(30) brk
36 1
fi=(218) ./elf/../sysdeps/unix/sysv/linux/brk_call.h
-12 2
fe=(14)
+13 1
+1 2
+6 1
+1 1

fl=(62)
fn=(194)
25 3
+1 12
+1 3

fl=(49)
fn=(156)
32 6
+1 3
+1 2
+5 6
+1 4
+1 4
+1 4
+2 1
+3 3
+1 2
-1 6
+1 4
+3 4
+1 4
+1 4
+1 4
+2 3
+6 1
-1 1
+1 1
+2 2
-1 2
+2 1
+2 6
-5 16
-1 16
+1 16
+2 32
-1 32
+2 16
+2 96
+2 1
+1 3
+1 2
-1 1
+1 1

fl=(13)
fn=(234) dfs_traversal.part.0
135 72
+10 8
-2 8
+2 16
+2 20
-7 20
+7 40
+9 16
+15 24
+1 8
+1 48
-17 12

fn=(26) _dl_sort_maps_init
289 2
+1 2
-1 2
+1 2
cfi=(11)
cfn=(28)
calls=1 +97 
* 24
+2 3
-1 1
+2 2

fn=(232)
298 24
+8 2
-8 2
+8 4
+4 16
-99 2
-28 2
-2 2
+1 4
+29 2
-28 8
+1 2
-1 2
+1 2
-1 4
+1 6
-1 6
+1 6
-1 12
+28 30
+8 6
-3 2
+2 2
+1 4
-3 2
+5 26
+2 8
-83 40
cfn=(234)
calls=8 -5 
* 292
+86 24
+18 8
+32 8
+7 2
+27 2
-47 6
cfi=(29)
cfn=(82)
calls=2 -53 
* 22
* 2

fl=(25)
fn=(70)
28 3
+1 3
+3 107
+13 97
-13 194
+2 198
+1 20
+5 2
-3 2
+3 2
+2 2

fl=(22)
fn=(62)
57 19
+44 19
+1 19
+1 19
+1 19
+1 19
+1 19
+1 19
+2 19
+2 19
+31 19
+1 19
+1 19
+1 19
+1 19
+1 6
+2 6
+4 13
+1 13
+1 13
+1 13
+1 13
+1 13
+1 13
+1 13
+1 13
+1 13
+1 13
+1 13
+5 96
+74 4
+1 4
+1 4
+1 4
+1 4
+1 4
+1 4
+1 4
+16 4
+2 4
+1 56
+2 4
+1 4
+1 4
+2 4

fl=(206) ./elf/./elf/dl-fini.c
fn=(714) _dl_fini
26 5
+17 1
-17 6
+20 13
+3 2
cob=(2)
cfi=(201) ./nptl/./nptl/pthread_mutex_lock.c
cfn=(682) pthread_mutex_lock@@GLIBC_2.2.5
calls=1 +28 
* 44
+2 1
+3 2
+2 5
+7 3
-2 1
+2 1
cfi=(48)
cfn=(482)
calls=1 -22 
* 11
+5 15
+5 1
-5 1
+5 3
+2 8
+2 8
+2 8
+1 4
+1 4
+4 4
-12 12
+14 6
+1 4
+6 6
cfi=(13)
cfn=(232)
calls=1 298 
* 317
+9 2
cob=(2)
cfi=(202) ./nptl/./nptl/pthread_mutex_unlock.c
cfn=(686) pthread_mutex_unlock@@GLIBC_2.2.5
calls=1 367 
* 34
+5 6
+2 1
+2 2
-2 3
+2 6
+2 16
cfi=(207)
cfn=(716)
calls=4 -90 
* 328
+3 8
cfi=(48)
cfn=(742)
calls=4 -20 
* 20
-9 8
+14 4
-14 12
+18 3
cfi=(48)
cfn=(482)
calls=1 -85 
* 11
* 2
+6 4
+2 1
-2 2
+6 2
+7 8
-77 2

fl=(23) ./elf/../misc/sbrk.c
fn=(64) sbrk
37 4
+3 1
-3 2
+21 2
+4 2
+16 5

fl=(45)
fn=(144)
56 3
+3 2
+4 1
+22 1
+10 1
-32 2
+1 1
+21 2
+5 2
+1 1
+4 1
-4 1
-1 1
+2 1
+3 1
+4 2
+8 2
-50 1
+4 2
+35 6

fn=(150)
116 2
+1 2

fn=(196)
38 3
+3 3
-1 6
+4 6
+4 3

fl=(67)
fn=(484)
525 1
+1 4
-1 1
+3 1
-3 1
+3 1
cfi=(140)
cfn=(486)
calls=1 117 
* 6
+7 1
-6 1
+4 1
+2 1

fn=(222) _dl_cache_libcmp
357 11
+1 11
+32 11
-33 11
+1 24
+2 54
+2 54
-2 108
+20 106
+2 106
-12 43
+2 43
+14 43
+1 43
-29 86
+32 3
-28 2
+6 1
+2 1
-2 1
+1 1
-1 1
+1 1
-1 1
+2 3
+2 1
-3 1
+3 3
+2 2
+9 30

fn=(214)
403 10
+2 2
+3 3
+74 1
205 1
482 2
+3 3
fi=(69) ./elf/../sysdeps/x86/dl-procinfo.h
39 2
+3 3
cfi=(32)
cfn=(94)
calls=1 +56 
* 25
* 4
fe=(67)
208 6
cfi=(11)
cfn=(28)
calls=1 387 
* 23
* 1
+12 1
-10 1
-2 1
+12 2
-7 5
+9 5
+1 1
-32 2
+36 1
-4 1
+4 2
-5 45
+1 9
-32 18
+36 9
-4 9
+4 18
+4 30
cfn=(222)
calls=10 357 
* 733
+1 20
346 9
+3 4
220 8
347 5
220 12
+2 10
+20 2
+3 2
+2 4
cfn=(222)
calls=1 357 
* 73
* 2
-7 2
-30 3
+1 1
fi=(219) ./elf/../sysdeps/x86/dl-isa-level.h
28 2
fe=(67)
210 2
fi=(219)
28 1
fe=(67)
210 1
+1 1
-1 3
+76 3
fi=(219)
28 3
fe=(67)
259 2
+10 3
+1 4
+16 1
fi=(68) ./elf/../sysdeps/generic/dl-cache.h
125 1
fe=(67)
286 3
+9 2
+3 2
+3 1
+1 3
+28 2
500 2
+12 2
cfi=(22)
cfn=(62)
calls=1 57 
* 35
+1 1
-1 1
+1 12
+1 1
-1 1
+1 1
-1 1
+1 1
cfi=(29)
cfn=(82)
calls=1 210 
* 11
* 1
+1 1
cfi=(44)
cfn=(142)
calls=1 40 
* 95
+1 8
411 4
cfi=(52)
cfn=(216)
calls=1 36 
* 103
* 1
+8 5
+1 8
+3 3
+1 1
-1 3
fi=(68)
194 1
+1 5
fe=(67)
431 1
+1 2

fl=(9)
fn=(18) _dl_sysdep_parse_arguments
78 1
+2 1
-2 6
+1 1
+1 1
-1 1
+2 2
+2 1
-2 1
+2 2
-1 1
+1 2
-1 98
+1 196
+7 56
fi=(10) ./elf/../sysdeps/unix/sysv/linux/dl-parse_auxv.h
-49 1
fe=(9)
+45 1
fi=(10)
-54 1
fe=(9)
+54 1
fi=(10)
-54 1
+1 1
+1 1
+7 3
+1 44
+1 22
-2 22
+2 22
-2 67
fe=(9)
+52 3
+1 1
+1 2
fi=(10)
-49 1
+1 1
fe=(9)
+46 1
fi=(10)
-45 1
+3 1
+1 1
+1 1
+1 1
+2 1
-5 1
-4 1
+1 1
+4 1
+1 1
+3 1
-7 1
-4 1
+1 1
+8 1
fe=(9)
+40 1
-1 1
+2 1
+1 6

fn=(16)
102 5
+4 1
-4 1
+1 1
+3 1
cfn=(18)
calls=1 -28 
* 591
+4 2
cfi=(11)
cfn=(22)
calls=1 261 
* 61081
+3 1
cfi=(13)
cfn=(26)
calls=1 289 
* 38
+2 2
cfi=(14)
cfn=(30)
calls=1 -79 
* 8
fi=(6)
220 1
cfi=(15)
cfn=(34)
calls=1 37 
* 7349
fe=(9)
-98 3
+1 1
cfi=(22)
cfn=(62)
calls=1 -66 
* 17
* 1
+2 2
cfi=(23)
cfn=(64)
calls=1 -88 
* 16
* 3
+12 3
+3 5
cfi=(2)
cfn=(66)
calls=1 1346 
* 109824
+3 4

fn=(480)
147 1
+1 1

fl=(8)
fn=(14)
25 4
+3 4
-3 4
+3 8
+3 12
+1 8
+2 4
-1 4
+3 12
+1 4
+1 8
+7 4
-5 4
-2 4
+3 8
+2 4
+2 8
+5 4

fl=(76)
fn=(260)
361 8
-76 1
-10 2
+2 2
-1 1
+6 1
+3 1
+8 1
-11 1
+1 1
-1 1
+1 1
-1 1
+1 1
+10 4
+3 1
+4 2
+2 2
-1 1
+2 2
+2 2
-1 2
+4 1
+2 1
+3 2
145 2
+12 2
+16 1
+6 1
363 6

fn=(492)
331 1
+3 2
+16 1

fl=(51)
fn=(162)
31 3
+2 3
+9 3
+1 6
+1 3
+4 3
+1 3
+1 3
+1 3
+1 3
+2 6
+2 3
+1 3
+1 3
+2 6
+2 3
+8 3
+3 3
+1 3
+7 3
+1 3

fl=(38)
fn=(110)
29 1
fi=(19)
+2 1
fe=(38)
+7 1
fi=(19)
-8 4
fe=(38)
+22 1
fi=(19)
-20 3
+4 1
fe=(38)
+2 1
fi=(19)
-2 2
+3 4
+1 4
+5 1
fe=(38)
-7 1
fi=(19)
+7 3
fe=(38)
-2 1
fi=(19)
+5 2
+3 5
+2 4
+1 2
+1 2
+3 1
fe=(38)
-10 1
fi=(19)
+10 3
fe=(38)

fl=(39)
fn=(120)
25 5
+1 3
+21 1
-20 1
+20 3

fn=(114)
51 110
-25 44
+36 5
-7 5
+7 35
-26 24
+5 27
cfi=(41)
cfn=(118)
calls=9 -9 
* 216
* 9
+1 18
+3 6
+11 12
+1 18
+1 12
-2 6
+1 9
+1 6
-28 24
+4 48
+1 12
-1 30
+24 6
+9 12
-5 6
-2 6
+2 42
-19 6
cfi=(22)
cfn=(62)
calls=3 +14 
* 51
* 6

ob=(2)
fl=(189) ./libio/./libio/filedoalloc.c
fn=(626) _IO_file_doallocate
78 11
+6 4
fi=(191) ./libio/./libio/libioP.h
1025 3
+1 2
fe=(189)
84 3
cfi=(187) ./libio/./libio/fileops.c
cfn=(628) _IO_file_stat
calls=1 1147 
* 9
* 2
+2 4
+11 4
+4 2
cob=(3)
cfi=(153)
cfn=(632) 0x000000000487f3f0
calls=1 0 
* 179
* 1
+1 2
+2 4
cfi=(188) ./libio/./libio/genops.c
cfn=(638) _IO_setb
calls=1 329 
* 29
+1 1
+1 9
-15 1
fi=(220) ./libio/../include/sys/sysmacros.h
-44 6
fe=(189)
+44 1
-2 2
+5 2

fl=(127)
fn=(394)
29 1
fi=(84) ./string/../sysdeps/x86_64/multiarch/ifunc-avx2.h
+11 3
-2 4
fe=(127)
-9 2
fi=(84)
+12 2
+1 3
+3 2
+4 3
+3 5
fe=(127)

fl=(209) ./posix/./posix/register-atfork.c
fn=(728) __unregister_atfork
82 4
+1 4
-1 8
+1 4
fi=(210) ./posix/../malloc/dynarray-skeleton.c
243 2
fe=(209)
71 4
+38 8
+1 6

fl=(103)
fn=(330)
65 1
-22 2
+1 1
-2 4
+2 2
+3 2
+4 3
+3 3
+11 1

fl=(89)
fn=(296)
29 1
fi=(90) ./string/../sysdeps/x86_64/multiarch/ifunc-memset.h
+25 5
+3 3
+7 2
+9 2
+2 2
+10 2
+8 2
+3 5
fe=(89)

fl=(104)
fn=(332)
29 1
fi=(105) ./debug/../sysdeps/x86_64/multiarch/ifunc-memset.h
+25 5
+3 3
+7 2
+9 2
+2 2
+10 2
+8 2
+3 5
fe=(104)

fl=(120)
fn=(370)
31 1
fi=(84)
+9 3
-2 4
fe=(120)
-7 2
fi=(84)
+10 2
+1 3
+3 2
+4 3
+3 5
fe=(120)

fl=(212) ./posix/../sysdeps/unix/sysv/linux/_exit.c
fn=(778) _Exit
27 2
+3 2

fl=(139)
fn=(432)
31 1
fi=(114) ./string/../sysdeps/x86_64/multiarch/ifunc-strcasecmp.h
+6 2
-1 4
fe=(139)
-5 2
fi=(114)
+7 3
+3 2
+4 3
+3 4
fe=(139)

fl=(83)
fn=(284)
31 2
fi=(84)
+9 6
-2 8
fe=(83)
-7 4
fi=(84)
+10 4
+1 6
+3 4
+4 6
+3 10
fe=(83)

fl=(172) ./string/../sysdeps/x86_64/multiarch/memset-vec-unaligned-erms.S
fn=(568) __memset_avx2_unaligned_erms
158 1
+1 2
+5 1
+1 1
+1 1
+1 1
+1 1
+69 1
+1 1
+87 1
+1 1
+1 1
+1 8265
+1 1
+1 2

fl=(180) ./setjmp/../sysdeps/x86_64/bsd-_setjmp.S
fn=(600) _setjmp
28 1
+2 1
+2 1
cfi=(181) ./setjmp/../sysdeps/x86_64/setjmp.S
cfn=(602) __sigsetjmp
calls=1 -1 
* 35

fl=(192) ./io/../sysdeps/unix/sysv/linux/write.c
fn=(650) write
25 1
+1 6
+1 1

fl=(106)
fn=(336)
28 1
fi=(84)
+12 3
-2 4
fe=(106)
-10 2
fi=(84)
+13 2
+1 3
+3 2
+4 3
+3 5
fe=(106)

fl=(205) ./io/../sysdeps/unix/sysv/linux/close_nocancel.c
fn=(698) __close_nocancel
25 1
+1 4
+1 1

fl=(200) ./elf/./elf/dl-iteratephdr.c
fn=(680) dl_iterate_phdr
33 11
+6 5
cfi=(201)
cfn=(682)
calls=1 +38 
* 44
+5 1
+3 1
-3 1
+4 4
+14 7
+12 2
-10 2
+1 1
-1 1
+3 1
-2 2
+2 1
+1 1
+2 1
-2 2
+1 1
-1 2
+3 1
-3 1
+3 1
-3 1
+4 2
+2 5
cfi=(164) ./gmon/./gmon/gmon.c
cfn=(684) callback
calls=1 -17 
* 9
* 1
+1 2
+6 3
cfi=(202)
cfn=(686)
calls=1 367 
* 34
+3 12
-39 2

fl=(128)
fn=(398)
29 1
fi=(109) ./string/../sysdeps/x86_64/multiarch/ifunc-strncpy.h
+6 5
+1 3
+3 2
+4 3
+3 4
fe=(128)
-17 1

fl=(188)
fn=(642) _IO_default_xsputn
371 11
+3 4
fi=(191)
1025 1
fe=(188)
373 2
+26 74
fi=(191)
1025 48
+1 48
fe=(188)
399 96
cfi=(187)
cfn=(622) _IO_file_overflow@@GLIBC_2.2.5
calls=24 732 
* 936
* 48
+2 24
-2 24
-20 100
-4 1
+29 8

fn=(638)
329 11
+1 4
+5 2
-3 1
+3 2
-2 1
+2 2
+3 6

fn=(764) _IO_flush_all
686 5
+5 1
-5 1
+5 1
-5 6
+5 4
cfi=(211) ./nptl/./nptl/libc-cleanup.c
cfn=(766) __libc_cleanup_push_defer
calls=1 24 
* 13
+1 6
-5 1
fi=(191)
1025 2
fe=(188)
708 33
+1 3
-14 9
+2 3
+1 27
+2 21
+13 7
+1 2
cfi=(211)
cfn=(768) __libc_cleanup_pop_restore
calls=1 54 
* 9
+4 12
-20 9
-6 2
-5 2
+8 1
-3 1
+3 2

fn=(624) _IO_doallocbuf
343 1
+1 2
-1 7
+3 3
+1 1
fi=(191)
1025 3
+1 2
fe=(188)
347 2
cfi=(189)
cfn=(626)
calls=1 78 
* 281
* 2
+3 6

fn=(644) __overflow
199 5
+2 3
+2 1
fi=(191)
1025 3
+1 2
fe=(188)
203 1
+1 2
-1 1
cfi=(187)
cfn=(622)
calls=1 732 
* 151

fn=(774) _IO_default_setbuf
452 8
fi=(191)
1025 1
fe=(188)
452 1
+1 1
-1 1
fi=(191)
1025 2
+1 2
fe=(188)
453 2
cfi=(187)
cfn=(776) _IO_file_sync@@GLIBC_2.2.5
calls=1 793 
* 21
* 2
+4 1
330 1
462 1
-7 2
332 1
466 1
337 1
-4 1
+4 1
467 1
-1 3
+2 6
-11 1
+1 2
-1 1
330 4

fn=(762) _IO_cleanup
842 6
-66 1
+66 6
+1 1
cfn=(764)
calls=1 686 
* 183
-67 2
+67 1
-67 3
cfi=(211)
cfn=(766)
calls=1 24 
* 13
+1 6
fi=(191)
1025 1
fe=(188)
785 1
-1 1
+1 4
-1 2
+1 25
+9 6
+2 4
+4 1
-2 1
+3 1
-3 1
+2 2
+5 1
fi=(191)
1025 2
+1 2
fe=(188)
805 4
cfi=(187)
cfn=(772) _IO_file_setbuf@@GLIBC_2.2.5
calls=1 382 
* 87
+2 3
+9 1
-2 1
+2 2
-2 1
+2 2
+1 3
-37 9
+41 7
+1 2
cfi=(211)
cfn=(768)
calls=1 54 
* 9
+33 12
-78 2
+39 24
-2 1
+2 1
-31 6
+7 7
-15 1
+3 2
-3 1
+3 2

fl=(134)
fn=(418)
29 1
fi=(135) ./string/../sysdeps/x86_64/multiarch/ifunc-evex.h
+9 3
-1 4
+2 3
+6 2
-3 2
+9 3
+3 4
fe=(134)
-25 1

fl=(92)
fn=(304)
29 1
fi=(93) ./debug/../sysdeps/x86_64/multiarch/ifunc-memmove.h
+28 3
-1 2
+4 3
+14 2
+3 2
+8 2
+8 2
+3 5
fe=(92)

fl=(177) ./gmon/../sysdeps/unix/sysv/linux/prof-freq.c
fn=(578) __profile_frequency
26 2
+1 4
+1 2

fl=(201)
fn=(682)
77 2
+3 6
+2 2
+2 4
-7 8
+11 4
+91 2
+3 2
+2 2
+3 2
-63 2
+66 6
-93 4
+11 8
+4 2
+3 4
-71 2
+1 14
+1 2
+84 6
+1 4

fl=(190) ./io/../sysdeps/unix/sysv/linux/fstat64.c
fn=(630) fstat
30 1
+9 4
+33 1

fl=(193) ./stdlib/./stdlib/exit.c
fn=(658) exit
137 2
+1 3
-1 1
+1 1
cfn=(660) __run_exit_handlers
calls=1 38 
* 5684

fn=(660)
38 12
+2 2
+3 5
+11 2
+2 2
+38 2
-30 9
+2 2
+1 2
-1 2
+3 14
+44 6
+13 1
-66 1
+66 3
+2 2
+3 2
cfi=(212)
cfn=(778)
calls=1 27 
* 4
-29 2
+1 2
-2 2
+3 2
+3 2
-3 4
+3 6
+1 6
cob=(1)
cfi=(206)
cfn=(714)
calls=1 -82 
* 981
cfi=(164)
cfn=(664) _mcleanup
calls=1 463 
* 4107
+1 8
+10 3
+1 2
-79 1
cfi=(194) ./stdlib/./stdlib/cxa_thread_atexit_impl.c
cfn=(662) __call_tls_dtors
calls=1 148 
* 13
* 1
+88 1
cfi=(188)
cfn=(762)
calls=1 842 
* 467
* 1

fl=(107)
fn=(340)
30 1
fi=(101) ./wcsmbs/../sysdeps/x86_64/multiarch/ifunc-avx2.h
+10 3
-2 4
fe=(107)
-8 2
fi=(101)
+11 2
+1 3
+3 2
+4 3
+3 5
fe=(107)

fl=(126)
fn=(386)
31 1
fi=(114)
+6 2
-1 4
fe=(126)
-5 2
fi=(114)
+7 3
+3 2
+4 3
+3 4
fe=(126)

fl=(163) ./stdlib/./stdlib/cxa_atexit.c
fn=(526) __cxa_atexit
67 14
-26 4
+2 16
+1 4
cfn=(528) __new_exitfn
calls=2 +36 
* 70
+2 4
+8 2
-2 2
+3 2
+1 2
-4 4
+1 2
+4 8
+1 2
+11 12

fn=(528)
80 2
+6 4
-6 8
+11 4
-10 2
+10 8
+2 4
+1 5
-1 4
-2 1
+10 1
-10 3
+13 2
+25 1
+1 2
-1 2
+7 1
+5 3
-4 1
+4 2
-5 1
+5 3
-4 1
+4 2
-18 1
-1 1
+12 1

fl=(138)
fn=(428)
33 1
fi=(99) ./string/../sysdeps/x86_64/multiarch/ifunc-memmove.h
+24 3
-1 2
+4 3
+14 2
+3 2
+8 2
+8 2
+3 5
fe=(138)

fl=(129)
fn=(402)
29 1
fi=(130) ./wcsmbs/../sysdeps/x86_64/multiarch/ifunc-memcmp.h
+5 5
+1 2
+1 2
+1 3
+3 2
+4 3
+3 4
fe=(129)
-18 2

fl=(137)
fn=(424)
31 1
fi=(97) ./wcsmbs/../sysdeps/x86_64/multiarch/ifunc-wcs.h
+9 3
-1 4
+2 3
+3 2
+4 4
fi=(221) ./wcsmbs/../sysdeps/x86_64/multiarch/wcpncpy.c
-17 1
fe=(137)

fl=(194)
fn=(662)
148 4
+1 1
-1 1
+1 3
+16 4

fl=(86)
fn=(290)
79 1
-31 2
+1 1
-2 4
+2 2
+3 2
+4 3
+3 3
+20 1

fl=(116)
fn=(360)
60 1
-17 2
-1 4
+2 3
+2 2
+4 3
+10 1

fl=(208) ./stdlib/./stdlib/cxa_finalize.c
fn=(726) __cxa_finalize
30 4
+3 4
-3 16
+3 10
+3 8
+4 14
-4 6
+57 8
+4 12
-4 6
+12 4
cfi=(209)
cfn=(728)
calls=2 -23 
* 40
+1 8
+1 16

fl=(176) ./signal/../sysdeps/unix/sysv/linux/libc_sigaction.c
fn=(576) __libc_sigaction
43 16
+5 4
+2 2
fi=(222) ./signal/../string/bits/string_fortified.h
-21 2
fe=(176)
+29 2
fi=(222)
-29 4
fe=(176)
+21 2
+3 2
fi=(222)
-24 6
fe=(176)
+24 2
fi=(222)
-24 6
fe=(176)
+24 4
fi=(222)
-24 2
fe=(176)
+29 2
-5 2
+5 6
fi=(222)
-29 12
fe=(176)
+29 12
+5 6
+2 1
fi=(222)
-36 5
fe=(176)
+36 1
fi=(222)
-36 3
fe=(176)
+38 1
fi=(222)
-38 3
fe=(176)
+38 1
+1 1
fi=(222)
-39 1
fe=(176)
+39 1
fi=(222)
-39 4
fe=(176)
+42 12

fl=(182) ./setjmp/./setjmp/sigjmp.c
fn=(604) __sigjmp_save
28 6
+2 2
-1 1
+5 4

fl=(211)
fn=(766)
24 2
+1 2
+2 4
+2 4
+3 4
+14 6
+2 2
+1 2

fn=(768)
54 2
+1 2
+2 4
+2 2
+1 6
+11 2

fl=(94)
fn=(308)
29 1
fi=(93)
+28 3
-1 2
+4 3
+14 2
+3 2
+8 2
+8 2
+3 5
fe=(94)

fl=(100)
fn=(390)
31 1
fi=(97)
+9 3
-1 4
+2 3
+3 2
+4 4
fe=(100)
-17 1

fn=(324)
31 2
fi=(101)
+9 6
-2 8
fi=(102) ./wcsmbs/../sysdeps/x86_64/multiarch/wcschr.c
-7 4
fi=(101)
+10 4
+1 6
+3 4
+4 6
+3 10
fe=(100)

fl=(108)
fn=(344)
31 1
fi=(109)
+4 5
+1 3
+3 2
+4 3
+3 4
fe=(108)
-15 1

fl=(131)
fn=(406)
29 1
fi=(93)
+28 3
-1 2
+4 3
+14 2
+3 2
+8 2
+8 2
+3 5
fe=(131)

fl=(184) ./gmon/./gmon/mcount.c
fn=(610) __mcount_internal
64 2
+12 8
+9 2
+1 4
+11 1
+4 1
-4 1
+4 2
+6 1
-5 1
+1 2
+70 1
+1 1
-67 2
+1 1
-1 1
+1 1
+4 1
+1 2
+1 1
+1 1
+1 1
+57 1
+1 1

fl=(181)
fn=(602)
31 1
+2 1
+9 1
+1 2
+1 1
+4 1
+1 1
+1 1
+1 1
+1 1
+2 2
+2 1
+1 1
+1 1
+2 2
+2 1
+5 1
+1 1
+17 1
cfi=(182)
cfn=(604)
calls=1 -57 
* 13

fl=(117)
fn=(362)
29 1
fi=(118) ./string/../sysdeps/x86_64/multiarch/ifunc-strcpy.h
+9 2
+1 1
-1 2
+1 2
+3 2
+4 3
+3 3
fe=(117)
-20 1

fl=(110)
fn=(348)
31 2
fi=(111) ./wcsmbs/../sysdeps/x86_64/multiarch/ifunc-evex.h
+7 6
-1 8
+2 6
+6 4
-3 4
+9 6
+3 8
fe=(110)
-23 2

fl=(187)
fn=(772)
382 6
+1 1
cfi=(188)
cfn=(774)
calls=1 +69 
* 69
* 2
+3 1
+4 2
-2 3
+3 3

fn=(776)
793 7
+5 4
+2 1
+1 2
+11 2
+4 5

fn=(640) _IO_do_write@@GLIBC_2.2.5
424 2
+2 6
+1 1
-3 3
fi=(191)
1025 1
fe=(187)
424 8
+20 1
-10 2
+7 4
fi=(191)
1025 2
+1 2
fe=(187)
449 4
cfn=(648) _IO_file_write@@GLIBC_2.2.5
calls=1 1174 
* 46
* 1
+1 3
+2 1
+4 2
-3 2
-1 2
+4 2
-30 2
+28 1
-28 2
+1 8
+28 2

fn=(622)
732 208
+1 104
+7 128
+37 25
-2 50
+3 50
+3 75
+1 75
+1 100
+4 25
+1 150
-45 2
+12 2
+9 3
+5 3
+2 2
-5 1
+5 1
+1 1
-5 1
+1 1
+4 2
-7 1
+10 2
+13 1
-12 1
+1 1
+11 4
-12 1
cfn=(640)
calls=1 424 
* 5
+9 2
-1 1
+1 1
-1 1
cfn=(640)
calls=1 424 
* 105
* 2
-12 2
+1 2
-28 2
cfi=(188)
cfn=(624)
calls=1 343 
* 310
+1 1
+9 1
-9 5

fn=(620) _IO_file_xsputn@@GLIBC_2.2.5
1198 7
+7 1
-7 2
+6 4
+9 2
-2 4
+17 3
+40 9
-68 1
+44 1
fi=(191)
1025 3
+1 2
fe=(187)
1244 3
cfn=(622)
calls=1 732 
* 373
* 2
+6 2
+1 5
+2 3
+11 2
+1 4
cfi=(188)
cfn=(642)
calls=1 371 
* 1425
+2 3

fn=(628)
1147 1
+1 2
cfi=(190)
cfn=(630)
calls=1 30 
* 6

fn=(648)
1174 8
+2 4
-1 2
+6 1
cfi=(192)
cfn=(650)
calls=1 25 
* 8
+1 2
+5 1
+1 1
-12 2
+4 3
+1 2
+10 3
+3 6
-4 3

fl=(95)
fn=(312)
29 1
fi=(84)
+11 3
-2 4
fe=(95)
-9 2
fi=(84)
+12 2
+1 3
+3 2
+4 3
+3 5
fe=(95)

fl=(204) ./string/../sysdeps/x86_64/multiarch/memmove-vec-unaligned-erms.S
fn=(692) __memcpy_chk_avx_unaligned_erms
249 1
+1 1
+1 5
+4 1
+1 1
+6 1
+1 1
+42 1
+1 1
+36 1
+1 1
+1 1
+1 1
+2 1

fl=(165) ./malloc/./malloc/malloc.c
fn=(708) _int_free_merge_chunk
4665 5
+1 1
-1 3
+5 6
+3 2
+5 3
+3 2
+1 2
+1 2
1992 3
4689 2
+25 2
+6 2
+4 1
+9 1
-1 1
+1 3
+1 2
+2 1
+2 2
+5 1
+1 1
+2 3
+1 1
-45 1
-1 2
+1 6
-1 1
cfn=(710) _int_free_maybe_consolidate
calls=1 +69 
* 24
+39 3
-65 3
-2 2

fn=(710)
4770 11
+6 2
+22 11

fn=(562) alloc_perturb
1985 12
+2 4

fn=(634) malloc
3294 16
+7 4
1326 4
+19 10
3311 4
+2 8
+3 4
+10 4
+28 12
-36 6
+10 8
cfn=(554) _int_malloc
calls=2 3846 
* 273
+1 10
fi=(166) ./malloc/./malloc/arena.c
153 4
fe=(165)

fn=(542) calloc
3699 2
+10 1
-10 7
+10 8
+8 2
+3 3
+2 2
+34 5
fi=(166)
153 2
fe=(165)
3732 1
+1 1
+21 2
-21 2
+21 1
cfn=(554)
calls=1 +92 
* 128
+2 2
+40 1
-12 1
+12 2
+3 5
+8 1
+2 2
+2 2
fi=(166)
264 1
cfn=(546) ptmalloc_init.part.0
calls=1 -2 
* 1151
* 1
fe=(165)
3756 3
+3 3
+78 1
fi=(171) ./malloc/../string/bits/string_fortified.h
59 2
fe=(165)
3837 6
fi=(171)
59 1
cob=(3)
cfi=(153)
cfn=(566) 0x000000000487f740
calls=1 -59 
* 8283
fe=(165)
3248 4
cfn=(552) tcache_init.part.0
calls=1 -6 
* 473
* 1

fn=(554)
3846 44
1326 8
+19 24
3887 8
1794 4
3914 8
+65 2
-63 4
+3 1
+2 2
+56 6
+62 15
+1 6
+20 4
-1 4
-1 4
+1 8
+1 8
-2 6
+12 20
-90 2
+2 2
-2 2
+2 4
-52 3
4487 48
4257 12
+2 6
+3 2
-3 2
+3 4
+1 4
+71 12
-4 4
+1 4
+1 4
-1 4
+1 4
+1 8
+1 12
+5 16
+4 12
+3 12
-3 9
+3 8
-3 6
+3 4
-3 2
4443 4
+1 8
+2 8
+3 12
+17 4
4070 1
-91 6
2552 1
+12 1
-12 5
+12 1
4460 12
cfn=(562)
calls=4 1985 
* 16
+1 4
-9 6
+2 6
-1 3
+1 3
-3 3
+3 3
+2 3
-2 12
+2 3
+3 6
2553 1
+36 3
+1 1
-1 1
+1 1
+9 4
+9 3
2921 3
+1 1
+4 1
+4 5
+5 1
-2 1
+5 1
-3 2
-3 1
+2 1
+1 1
+1 1
-1 3
+1 1
4482 1
2669 3
+8 2
+1 3
+13 1
+2 1
-2 2
+8 5
+8 2
+48 4
+40 3
+19 2
+3 2
+1 6
+2 1
+1 5
cfi=(168) ./malloc/./malloc/morecore.c
cfn=(556) __glibc_morecore
calls=1 25 
* 33
+12 4
-12 1
+12 1
2008 4
3882 1
2873 1
+3 1
-1 1
+1 4
+12 1
-11 1
+11 2
2783 1
-1 2
2017 2
2745 1
+1 1
+6 3
-6 1
+6 3
-43 3
cfi=(168)
cfn=(556)
calls=1 25 
* 64
+1 2
-1 1
+1 1
2008 1
2711 1
2008 3
2712 1
+3 2
+29 3

fn=(702) free
3359 1
+4 2
-4 3
+14 1
-14 3
+12 1
+4 1
-4 1
+4 2
+17 3
fi=(166)
153 3
fe=(165)
3398 3
cfn=(706) _int_free
calls=1 4495 
* 137
+3 1
+1 6

fn=(552)
3242 4
+9 8
+1 3
cfn=(554)
calls=1 3846 
* 359
+1 2
+8 4
+9 1
fi=(171)
59 2
fe=(165)
3270 1
fi=(171)
59 86
fe=(165)
3274 3

fn=(706)
4495 7
+4 3
+6 4
+1 2
+4 5
+8 4
-1 2
+1 2
1792 1
4561 2
+76 2
+3 2
+18 1
-12 1
+12 4
-12 1
cfn=(708)
calls=1 +19 
* 94

fl=(202)
fn=(686)
367 2
51 6
+1 4
367 6
57 4
+8 2
-3 2
-23 2
+1 8
+1 2
+29 2
+2 2
369 4
74 4
+6 8
+4 6
+3 4

fl=(152) ./nptl/./nptl/pthread_mutex_conf.c
fn=(474) __pthread_tunables_init
55 2
+1 2
-1 2
+1 2
-1 4
+1 1
cob=(3)
cfi=(153)
cfn=(476) 0x000000000487f720
calls=1 -56 
* 26
+2 4
cob=(3)
cfi=(153)
cfn=(476)
calls=1 -58 
* 25
+2 4
cob=(3)
cfi=(153)
cfn=(476)
calls=1 -60 
* 26
+2 6

fl=(169) ./misc/./misc/sbrk.c
fn=(558) sbrk
37 16
+3 2
+3 2
-3 2
+3 2
+35 7
-20 4
+4 4
+4 4
+8 1
cfi=(170) ./misc/../sysdeps/unix/sysv/linux/brk.c
cfn=(560) brk
calls=1 -38 
* 9
* 2
+4 7
-19 2
cfi=(170)
cfn=(560)
calls=1 -23 
* 9
* 2
+4 2

fl=(115)
fn=(358)
29 1
fi=(223) ./string/../sysdeps/x86_64/multiarch/ifunc-sse4_2.h
+7 5
fe=(115)
-7 1

fl=(132)
fn=(410)
33 1
fi=(118)
+5 2
+1 1
-1 2
+1 2
+3 2
+4 3
+3 3
fe=(132)
-16 1

fl=(87)
fn=(292)
30 1
fi=(88) ./wcsmbs/../sysdeps/x86_64/multiarch/ifunc-wcslen.h
+11 2
-1 4
+2 3
+3 2
+4 3
+3 3
fe=(87)
-22 1

fl=(123)
fn=(378)
31 2
fi=(124) ./wcsmbs/../sysdeps/x86_64/multiarch/ifunc-wmemset.h
+5 10
+1 6
fe=(123)
-6 2

fl=(98)
fn=(320)
29 1
fi=(99)
+28 3
-1 2
+4 3
+14 2
+3 2
+8 2
+8 2
+3 5
fe=(98)

fl=(149) ./ctype/./ctype/ctype-info.c
fn=(468) __ctype_init
29 1
+2 7
+2 4
+2 4
+1 1

fl=(183)
fn=(608)
26 2
+2 2
+2 2
+2 2
+2 2
+2 2
+2 2
+2 2
+2 2
+5 2
+2 2
+1 2
cfi=(184)
cfn=(610)
calls=2 +14 
* 40
+3 2
+2 2
+2 2
+2 2
+2 2
+2 2
+2 2
+2 2
+2 2

fl=(96)
fn=(316)
31 1
fi=(97)
+9 3
-1 4
+2 3
+3 2
+4 4
fe=(96)
-17 1

fl=(159) ./string/../sysdeps/x86_64/multiarch/strrchr-avx2.S
fn=(516) __strrchr_avx2
53 1
+1 1
+1 1
+2 1
+1 1
+4 1
+1 1
+1 1
+3 1
+2 1
+1 1
+1 1
+1 1
+3 1
+1 1
+2 1
+1 1
+1 1
+1 1
+1 1
+9 2

fl=(186) ./string/../sysdeps/x86_64/multiarch/strlen-avx2.S
fn=(618) __strlen_avx2
52 2
+13 2
+1 2
+1 2
+3 2
+2 2
+1 2
+3 2
+1 2
+8 2
+1 2
+1 2
+5 4

fl=(113)
fn=(354)
31 1
fi=(114)
+6 2
-1 4
fe=(113)
-5 2
fi=(114)
+7 3
+3 2
+4 3
+3 4
fe=(113)

fl=(133)
fn=(414)
29 1
fi=(99)
+28 3
-1 2
+4 3
+14 2
+3 2
+8 2
+8 2
+3 5
fe=(133)

fl=(196) ./string/../sysdeps/x86_64/multiarch/strcmp-avx2.S
fn=(672) __strncmp_avx2
206 12
+24 12
+5 12
+14 12
+25 12
+1 12
+1 12
+2 12
+1 12
+4 12
+4 12
+2 12
+2 12
+3 12
+2 12
+1 12
+11 12
+10 12
+1 12
+3 12
+4 24
+5 12
+1 12
+1 12

fl=(164)
fn=(664)
463 2
113 4
463 1
113 1
cfi=(173) ./gmon/../sysdeps/posix/profil.c
cfn=(570) profil
calls=1 -47 
* 103
+2 2
466 1
116 1
466 2
+1 1
cfn=(666) write_gmon
calls=1 -90 
* 3797
+3 2
cob=(3)
cfi=(153)
cfn=(700) 0x000000000487f3e0
calls=1 0 
* 170
fi=(198) ./gmon/../string/bits/string_fortified.h
59 3
fe=(164)
475 1
fi=(198)
59 14
fe=(164)
476 2

fn=(684)
57 1
+1 1
+11 1
-11 2
+7 2
+1 1
+4 1

fn=(538) monstartup
125 2
+7 1
-7 3
+7 1
-7 2
+7 1
-7 2
+7 1
-7 4
+7 1
cob=(3)
cfi=(153)
cfn=(476)
calls=1 0 
* 26
+1 3
-1 1
+1 1
cob=(3)
cfi=(153)
cfn=(476)
calls=1 0 
* 26
* 1
+1 2
+11 2
+68 10
-60 1
-1 1
+16 1
-15 1
+1 2
+14 1
-11 1
+11 1
-11 1
+11 1
-11 2
+11 2
+1 2
+4 1
-19 1
+21 1
-2 1
-21 1
+23 1
-22 1
+4 1
+1 1
+7 1
+2 1
+3 1
+3 1
+2 1
cob=(3)
cfi=(153)
cfn=(540) 0x000000000487f450
calls=1 0 
* 10115
+1 2
+8 1
+7 1
-8 1
+27 1
-21 1
-3 1
+6 1
-7 1
+1 1
+6 2
+3 9
-91 3
+3 3
cfi=(173)
cfn=(570)
calls=1 -41 
* 157
+1 1
+10 1
+53 2

fn=(666)
377 1
+4 1
-4 10
+4 1
cfi=(195) ./stdlib/./stdlib/getenv.c
cfn=(668) getenv
calls=1 24 
* 1037
+1 2
+11 5
cfi=(197) ./io/../sysdeps/unix/sysv/linux/open64_nocancel.c
cfn=(674) __open_nocancel
calls=1 28 
* 30
* 1
+2 2
fi=(198)
29 1
fe=(164)
421 2
fi=(198)
29 1
fe=(164)
419 1
fi=(198)
59 2
fe=(164)
421 1
cfi=(199) ./io/../sysdeps/unix/sysv/linux/write_nocancel.c
cfn=(678) __write_nocancel
calls=1 25 
* 6
+5 2
-2 1
+2 1
cfi=(200)
cfn=(680)
calls=1 33 
* 165
222 1
-2 1
430 1
222 2
+49 1
+9 5
+5 1
-5 2
+2 1
+1 1
+3 1
-6 2
+5 31
-5 62
+2 31
+1 31
+3 31
-6 62
+11 1
-2 1
+2 908
+2 1200
+5 1
+13 1
+1 2
-14 1
+13 1
+1 1
-1 3
+1 1
fi=(198)
29 2
fe=(164)
311 1
+1 2
-1 1
fi=(198)
29 1
fe=(164)
313 2
-1 1
+2 2
+1 4
fi=(198)
29 2
fe=(164)
317 1
fi=(198)
29 1
fe=(164)
315 1
fi=(198)
29 1
cob=(3)
cfi=(153)
cfn=(690) 0x000000000487f6f0
calls=1 -29 
* 20
fe=(164)
317 2
-16 1
-1 3
-9 3
+33 6
+1 1
fi=(203) ./gmon/../sysdeps/unix/sysv/linux/not-cancel.h
83 4
fe=(164)
337 1
+17 1
-21 1
fi=(203)
83 1
fe=(164)
337 4
+10 1
+1 1
-1 1
+1 1
-1 1
+1 1
-1 1
+1 1
+6 2
fi=(203)
75 2
cfi=(205)
cfn=(698)
calls=1 -50 
* 6
fe=(164)
439 11
255 2
-22 2
+22 1
-22 1
+24 1
-24 1
+22 1
-22 7
+24 1
-2 1
+3 1
cfi=(177)
cfn=(578)
calls=1 26 
* 4
fi=(203)
83 3
fe=(164)
258 1
fi=(203)
83 1
fi=(198)
+12 2
fi=(203)
-12 1
fi=(198)
+12 1
fe=(164)
260 1
fi=(203)
83 1
fe=(164)
433 3

fl=(199)
fn=(678)
25 1
+1 4
+1 1

fl=(162)
fn=(524)
242 13
+69 3
+1 3
cfi=(163)
cfn=(526)
calls=1 67 
* 72
+25 6
+6 2
-3 2
+10 2
cob=(3)
cfi=(153)
cfn=(594) 0x000000000487f7b0
calls=1 0 
* 7
+2 2
+8 4
cfi=(179) ./csu/../sysdeps/nptl/libc_start_call_main.h
cfn=(598) (below main)
calls=1 29 
* 8177
128 2
+6 3
+1 6
cob=(3)
cfi=(153)
cfn=(530) 0x0000000004001000
calls=1 0 
* 10530
* 1
+3 1
+1 2
+3 2
+1 2
-1 1
+2 7
+1 4
cob=(5)
cfi=(161)
cfn=(588)
calls=1 0 
* 12
-1 4

fl=(154) ./nptl/../sysdeps/unix/sysv/linux/x86/elision-conf.c
fn=(478) __lll_elision_init
92 2
+4 1
-4 2
+4 2
-4 1
+4 1
-4 3
+4 1
cob=(3)
cfi=(153)
cfn=(476)
calls=1 -96 
* 26
+2 4
cob=(3)
cfi=(153)
cfn=(476)
calls=1 -98 
* 26
+2 4
cob=(3)
cfi=(153)
cfn=(476)
calls=1 0 
* 26
+2 4
cob=(3)
cfi=(153)
cfn=(476)
calls=1 0 
* 26
+2 4
cob=(3)
cfi=(153)
cfn=(476)
calls=1 0 
* 26
+3 3
+1 1
+1 6

fl=(185) ./libio/./libio/ioputs.c
fn=(614) puts
33 10
+2 1
cob=(3)
cfi=(153)
cfn=(616) 0x000000000487f500
calls=1 -35 
* 16
+1 1
-1 1
+1 3
-3 1
+6 4
+1 1
fi=(191)
1025 3
+1 2
fe=(185)
40 3
cfi=(187)
cfn=(620)
calls=1 1198 
* 1861
* 2
+1 4
+1 4
fi=(191)
979 2
+1 8
fe=(185)
46 8
-10 10
+5 2
cfi=(188)
cfn=(644)
calls=1 199 
* 169
* 2

fl=(166)
fn=(546)
262 1
fi=(167) ./malloc/../sysdeps/unix/sysv/linux/not-cancel.h
97 3
fe=(166)
262 7
+5 1
fi=(167)
97 3
fi=(165)
3143 2
fe=(166)
292 2
+4 3
fi=(165)
1946 4
+3 1
-3 1
+3 2
-3 2
+3 126
-3 126
+3 252
-3 252
+11 1
fe=(166)
300 3
fi=(165)
1958 1
+2 1
fe=(166)
300 1
cob=(3)
cfi=(153)
cfn=(476)
calls=1 0 
* 25
+1 4
cob=(3)
cfi=(153)
cfn=(476)
calls=1 0 
* 26
+1 4
cob=(3)
cfi=(153)
cfn=(476)
calls=1 0 
* 25
+1 4
cob=(3)
cfi=(153)
cfn=(476)
calls=1 0 
* 25
+1 4
cob=(3)
cfi=(153)
cfn=(476)
calls=1 0 
* 26
+1 4
cob=(3)
cfi=(153)
cfn=(476)
calls=1 0 
* 25
+1 4
cob=(3)
cfi=(153)
cfn=(476)
calls=1 0 
* 25
+2 4
cob=(3)
cfi=(153)
cfn=(476)
calls=1 0 
* 25
+1 4
cob=(3)
cfi=(153)
cfn=(476)
calls=1 0 
* 25
+1 4
cob=(3)
cfi=(153)
cfn=(476)
calls=1 0 
* 25
+3 4
cob=(3)
cfi=(153)
cfn=(476)
calls=1 0 
* 25
+1 4
cob=(3)
cfi=(153)
cfn=(476)
calls=1 0 
* 25
+2 2
+10 8

fl=(91)
fn=(300)
29 1
fi=(88)
+12 2
-1 4
+2 3
+3 2
+4 3
+3 3
fe=(91)
-23 1

fl=(150) ./resource/../sysdeps/unix/sysv/linux/getrlimit64.c
fn=(470) getrlimit
38 2
+1 7
+1 1

fl=(168)
fn=(556)
25 2
+1 4
-1 4
+4 2
cfi=(169)
cfn=(558)
calls=2 +8 
* 77
+1 4
+4 4

fl=(148)
fn=(466)
33 9
+2 1
cfi=(149)
cfn=(468)
calls=1 -6 
* 17
+3 1
fi=(151) ./elf/../sysdeps/nptl/pthread_early_init.h
-5 2
fe=(148)
+8 1
-3 1
+3 1
fi=(151)
-8 1
cfi=(150)
cfn=(470)
calls=1 +5 
* 10
* 3
+1 1
+4 5
+7 1
fi=(224) ./elf/../nptl/nptl-stack.h
+16 3
fi=(151)
-16 1
fi=(224)
+16 2
fi=(151)
-7 1
fi=(224)
+7 3
fi=(151)
-9 1
-6 1
+2 2
+4 4
+1 1
+3 1
cfi=(152)
cfn=(474)
calls=1 -1 
* 104
fe=(148)
-9 3
+2 2
-2 1
cfi=(154)
cfn=(478)
calls=1 +45 
* 169

fl=(157)
fn=(510)
46 6
+5 2
+4 5
+8 1
-2 1
+10 1
-9 1
+1 1
+9 3
-1 1
cfi=(158) ./misc/./misc/init-misc.c
cfn=(512) __init_misc
calls=1 -41 
* 50

fl=(160)
fn=(518)
545 1
+1 4
+1 3
+1 3
+2 1

fl=(170)
fn=(560)
36 2
fi=(225) ./misc/../sysdeps/unix/sysv/linux/brk_call.h
-12 4
fe=(170)
+13 4
+1 4
+6 2
+1 2

fl=(195)
fn=(668)
24 9
+1 8
+3 1
cob=(3)
cfi=(153)
cfn=(616)
calls=1 -28 
* 16
+1 1
-1 1
+1 398
+2 198
+1 48
cob=(3)
cfi=(153)
cfn=(670) 0x000000000487f600
calls=12 -32 
* 324
* 24
+5 9

fl=(125)
fn=(382)
29 1
fi=(118)
+9 2
+1 1
-1 2
+1 2
+3 2
+4 3
+3 3
fe=(125)
-20 1

fl=(119)
fn=(366)
31 1
fi=(114)
+6 2
-1 4
fe=(119)
-5 2
fi=(114)
+7 3
+3 2
+4 3
+3 4
fe=(119)

fl=(112)
fn=(352)
67 1
-23 2
-1 4
+24 2
-22 3
+3 2
+4 3
+3 4

fl=(197)
fn=(674)
28 2
+3 1
-3 6
+3 2
+8 7
+2 5
-7 2
+1 1
-1 3
+2 1

fl=(121)
fn=(374)
29 1
fi=(122) ./string/../sysdeps/x86_64/multiarch/ifunc-memcmp.h
+5 5
+1 2
+1 2
+1 3
+3 2
+4 3
+3 4
fe=(121)
-18 2

fl=(174) ./signal/./signal/sigaction.c
fn=(572) sigaction
26 2
+1 6
fi=(175) ./signal/../sysdeps/unix/sysv/linux/internal-signals.h
+26 2
fe=(174)
-26 4
+6 2
cfi=(176)
cfn=(576)
calls=2 +10 
* 128

fl=(81)
fn=(280)
86 1
fi=(82) ./string/../sysdeps/x86/cacheinfo.h
-27 1
+3 3
+2 1
+1 1
-1 2
+7 3
+2 1
+1 1
-1 2
+5 2
+2 2
+1 2
+1 2
+2 2
+2 2
fe=(81)

fl=(136)
fn=(422)
29 1
fi=(223)
+7 5
fe=(136)
-7 1

fl=(179)
fn=(598)
29 4
+15 1
-15 5
+15 1
cfi=(180)
cfn=(600)
calls=1 -16 
* 38
* 1
+2 2
+5 2
+1 2
+3 2
+3 6
cob=(5)
cfi=(161)
cfn=(606)
calls=1 -58 
* 2420
+16 2
cfi=(193)
cfn=(658)
calls=1 +63 
* 5691

fl=(158)
fn=(512)
30 1
+1 2
-1 4
+1 4
+2 3
cob=(3)
cfi=(153)
cfn=(514) 0x000000000487f660
calls=1 -33 
* 24
+4 5
+1 3
+2 4

fl=(173)
fn=(570)
66 18
+12 6
-3 8
+13 2
+16 1
+5 1
+8 2
-13 1
-1 1
+1 1
+13 1
-12 1
+1 1
+3 1
+6 1
fi=(226) ./gmon/../sysdeps/unix/sysv/linux/sigsetops.h
-53 1
fe=(173)
+55 1
cfi=(174)
cfn=(572)
calls=1 -91 
* 84
* 2
+3 1
+1 1
cfi=(177)
cfn=(578)
calls=1 -95 
* 4
* 1
+2 2
-2 3
+2 1
-2 2
+1 2
+1 1
cfi=(178) ./time/../sysdeps/unix/sysv/linux/setitimer.c
cfn=(580) setitimer
calls=1 -94 
* 6
+1 13
-46 2
+4 4
cfi=(178)
cfn=(580)
calls=1 -53 
* 6
* 2
+2 1
+1 3
+39 1
-39 2
+39 1
-39 1
+39 5
-39 1
cfi=(174)
cfn=(572)
calls=1 -59 
* 60

fl=(178)
fn=(580)
29 2
+2 8
+29 2

fl=(85)
fn=(288)
29 1
fi=(223)
+7 5
fe=(85)
-7 1

ob=(3)
fl=(153)
fn=(476)
0 44
cob=(1)
cfi=(11)
cfn=(28)
calls=22 387 
0 517

fn=(514)
0 2
cob=(2)
cfi=(159)
cfn=(516)
calls=1 53 
0 22

fn=(594)
0 2
cob=(1)
cfi=(48)
cfn=(596)
calls=1 118 
0 5

fn=(632)
0 2
cob=(2)
cfi=(165)
cfn=(634)
calls=1 3294 
0 177

fn=(690)
0 2
cob=(2)
cfi=(204)
cfn=(692)
calls=1 249 
0 18

fn=(530)
0 6
cob=(5)
cfi=(161)
cfn=(534)
calls=1 0 
0 10522
0 2

fn=(750)
0 2
cob=(2)
cfi=(208)
cfn=(726)
calls=1 30 
0 78

fn=(500)
0 7

fn=(540)
0 2
cob=(2)
cfi=(165)
cfn=(542)
calls=1 3699 
0 10113

fn=(584)
0 2
cob=(2)
cfi=(163)
cfn=(526)
calls=1 67 
0 76

fn=(612)
0 2
cob=(2)
cfi=(185)
cfn=(614)
calls=1 33 
0 2118

fn=(740)
0 4

fn=(536)
0 2
cob=(2)
cfi=(164)
cfn=(538)
calls=1 125 
0 10425

fn=(566)
0 2
cob=(2)
cfi=(172)
cfn=(568)
calls=1 158 
0 8281

fn=(724)
0 2
cob=(2)
cfi=(208)
cfn=(726)
calls=1 30 
0 78

fn=(616)
0 4
cob=(2)
cfi=(186)
cfn=(618)
calls=2 52 
0 28

fn=(670)
0 24
cob=(2)
cfi=(196)
cfn=(672)
calls=12 206 
0 300

fn=(700)
0 2
cob=(2)
cfi=(165)
cfn=(702)
calls=1 3359 
0 168

fn=(656)
0 2
cob=(2)
cfi=(165)
cfn=(634)
calls=1 3294 
0 190

fn=(760)
0 4

totals: 198936
